"Kind","Agent_Id","Queue_Id","Thread_Id","Dispatch_Id","Kernel_Id","Kernel_Name","Correlation_Id","Start_Timestamp","End_Timestamp","Private_Segment_Size","Group_Segment_Size","Workgroup_Size_X","Workgroup_Size_Y","Workgroup_Size_Z","Grid_Size_X","Grid_Size_Y","Grid_Size_Z"
"KERNEL_DISPATCH",8,1,176454,1,15,"void at::native::(anonymous namespace)::distribution_elementwise_grid_stride_kernel<float, 4, at::native::templates::cuda::normal_and_transform<c10::Half, float, at::CUDAGeneratorImpl*, at::native::templates::cuda::normal_kernel<at::CUDAGeneratorImpl*>(at::TensorBase const&, double, double, at::CUDAGeneratorImpl*)::{lambda()#1}::operator()() const::{lambda()#3}::operator()() const::{lambda(float)#1}>(at::TensorIteratorBase&, at::CUDAGeneratorImpl*, at::native::templates::cuda::normal_kernel<at::CUDAGeneratorImpl*>(at::TensorBase const&, double, double, at::CUDAGeneratorImpl*)::{lambda()#1}::operator()() const::{lambda()#3}::operator()() const::{lambda(float)#1})::{lambda(hiprandStatePhilox4_32_10*)#2}, at::native::(anonymous namespace)::distribution_nullary_kernel<c10::Half, float, HIP_vector_type<float, 4u>, at::CUDAGeneratorImpl*, at::native::templates::cuda::normal_and_transform<c10::Half, float, at::CUDAGeneratorImpl*, at::native::templates::cuda::normal_kernel<at::CUDAGeneratorImpl*>(at::TensorBase const&, double, double, at::CUDAGeneratorImpl*)::{lambda()#1}::operator()() const::{lambda()#3}::operator()() const::{lambda(float)#1}>(at::TensorIteratorBase&, at::CUDAGeneratorImpl*, at::native::templates::cuda::normal_kernel<at::CUDAGeneratorImpl*>(at::TensorBase const&, double, double, at::CUDAGeneratorImpl*)::{lambda()#1}::operator()() const::{lambda()#3}::operator()() const::{lambda(float)#1})::{lambda(hiprandStatePhilox4_32_10*)#2}, at::native::templates::cuda::normal_kernel<at::CUDAGeneratorImpl*>(at::TensorBase const&, double, double, at::CUDAGeneratorImpl*)::{lambda()#1}::operator()() const::{lambda()#3}::operator()() const::{lambda(float)#1}>(at::TensorIteratorBase&, at::CUDAGeneratorImpl*, at::native::templates::cuda::normal_and_transform<c10::Half, float, at::CUDAGeneratorImpl*, at::native::templates::cuda::normal_kernel<at::CUDAGeneratorImpl*>(at::TensorBase const&, double, double, at::CUDAGeneratorImpl*)::{lambda()#1}::operator()() const::{lambda()#3}::operator()() const::{lambda(float)#1}>(at::TensorIteratorBase&, at::CUDAGeneratorImpl*, at::native::templates::cuda::normal_kernel<at::CUDAGeneratorImpl*>(at::TensorBase const&, double, double, at::CUDAGeneratorImpl*)::{lambda()#1}::operator()() const::{lambda()#3}::operator()() const::{lambda(float)#1})::{lambda(hiprandStatePhilox4_32_10*)#2} const&, at::native::templates::cuda::normal_kernel<at::CUDAGeneratorImpl*>(at::TensorBase const&, double, double, at::CUDAGeneratorImpl*)::{lambda()#1}::operator()() const::{lambda()#3}::operator()() const::{lambda(float)#1})::{lambda(int, float)#1}>(long, at::PhiloxCudaState, at::native::templates::cuda::normal_and_transform<c10::Half, float, at::CUDAGeneratorImpl*, at::native::templates::cuda::normal_kernel<at::CUDAGeneratorImpl*>(at::TensorBase const&, double, double, at::CUDAGeneratorImpl*)::{lambda()#1}::operator()() const::{lambda()#3}::operator()() const::{lambda(float)#1}>(at::TensorIteratorBase&, at::CUDAGeneratorImpl*, at::native::templates::cuda::normal_kernel<at::CUDAGeneratorImpl*>(at::TensorBase const&, double, double, at::CUDAGeneratorImpl*)::{lambda()#1}::operator()() const::{lambda()#3}::operator()() const::{lambda(float)#1})::{lambda(hiprandStatePhilox4_32_10*)#2}, at::native::(anonymous namespace)::distribution_nullary_kernel<c10::Half, float, HIP_vector_type<float, 4u>, at::CUDAGeneratorImpl*, at::native::templates::cuda::normal_and_transform<c10::Half, float, at::CUDAGeneratorImpl*, at::native::templates::cuda::normal_kernel<at::CUDAGeneratorImpl*>(at::TensorBase const&, double, double, at::CUDAGeneratorImpl*)::{lambda()#1}::operator()() const::{lambda()#3}::operator()() const::{lambda(float)#1}>(at::TensorIteratorBase&, at::CUDAGeneratorImpl*, at::native::templates::cuda::normal_kernel<at::CUDAGeneratorImpl*>(at::TensorBase const&, double, double, at::CUDAGeneratorImpl*)::{lambda()#1}::operator()() const::{lambda()#3}::operator()() const::{lambda(float)#1})::{lambda(hiprandStatePhilox4_32_10*)#2}, at::native::templates::cuda::normal_kernel<at::CUDAGeneratorImpl*>(at::TensorBase const&, double, double, at::CUDAGeneratorImpl*)::{lambda()#1}::operator()() const::{lambda()#3}::operator()() const::{lambda(float)#1}>(at::TensorIteratorBase&, at::CUDAGeneratorImpl*, at::native::templates::cuda::normal_and_transform<c10::Half, float, at::CUDAGeneratorImpl*, at::native::templates::cuda::normal_kernel<at::CUDAGeneratorImpl*>(at::TensorBase const&, double, double, at::CUDAGeneratorImpl*)::{lambda()#1}::operator()() const::{lambda()#3}::operator()() const::{lambda(float)#1}>(at::TensorIteratorBase&, at::CUDAGeneratorImpl*, at::native::templates::cuda::normal_kernel<at::CUDAGeneratorImpl*>(at::TensorBase const&, double, double, at::CUDAGeneratorImpl*)::{lambda()#1}::operator()() const::{lambda()#3}::operator()() const::{lambda(float)#1})::{lambda(hiprandStatePhilox4_32_10*)#2} const&, at::native::templates::cuda::normal_kernel<at::CUDAGeneratorImpl*>(at::TensorBase const&, double, double, at::CUDAGeneratorImpl*)::{lambda()#1}::operator()() const::{lambda()#3}::operator()() const::{lambda(float)#1})::{lambda(int, float)#1})",1,700762255980897,700762256023555,0,0,256,1,1,622592,1,1
"KERNEL_DISPATCH",8,1,176454,2,15,"void at::native::(anonymous namespace)::distribution_elementwise_grid_stride_kernel<float, 4, at::native::templates::cuda::normal_and_transform<c10::Half, float, at::CUDAGeneratorImpl*, at::native::templates::cuda::normal_kernel<at::CUDAGeneratorImpl*>(at::TensorBase const&, double, double, at::CUDAGeneratorImpl*)::{lambda()#1}::operator()() const::{lambda()#3}::operator()() const::{lambda(float)#1}>(at::TensorIteratorBase&, at::CUDAGeneratorImpl*, at::native::templates::cuda::normal_kernel<at::CUDAGeneratorImpl*>(at::TensorBase const&, double, double, at::CUDAGeneratorImpl*)::{lambda()#1}::operator()() const::{lambda()#3}::operator()() const::{lambda(float)#1})::{lambda(hiprandStatePhilox4_32_10*)#2}, at::native::(anonymous namespace)::distribution_nullary_kernel<c10::Half, float, HIP_vector_type<float, 4u>, at::CUDAGeneratorImpl*, at::native::templates::cuda::normal_and_transform<c10::Half, float, at::CUDAGeneratorImpl*, at::native::templates::cuda::normal_kernel<at::CUDAGeneratorImpl*>(at::TensorBase const&, double, double, at::CUDAGeneratorImpl*)::{lambda()#1}::operator()() const::{lambda()#3}::operator()() const::{lambda(float)#1}>(at::TensorIteratorBase&, at::CUDAGeneratorImpl*, at::native::templates::cuda::normal_kernel<at::CUDAGeneratorImpl*>(at::TensorBase const&, double, double, at::CUDAGeneratorImpl*)::{lambda()#1}::operator()() const::{lambda()#3}::operator()() const::{lambda(float)#1})::{lambda(hiprandStatePhilox4_32_10*)#2}, at::native::templates::cuda::normal_kernel<at::CUDAGeneratorImpl*>(at::TensorBase const&, double, double, at::CUDAGeneratorImpl*)::{lambda()#1}::operator()() const::{lambda()#3}::operator()() const::{lambda(float)#1}>(at::TensorIteratorBase&, at::CUDAGeneratorImpl*, at::native::templates::cuda::normal_and_transform<c10::Half, float, at::CUDAGeneratorImpl*, at::native::templates::cuda::normal_kernel<at::CUDAGeneratorImpl*>(at::TensorBase const&, double, double, at::CUDAGeneratorImpl*)::{lambda()#1}::operator()() const::{lambda()#3}::operator()() const::{lambda(float)#1}>(at::TensorIteratorBase&, at::CUDAGeneratorImpl*, at::native::templates::cuda::normal_kernel<at::CUDAGeneratorImpl*>(at::TensorBase const&, double, double, at::CUDAGeneratorImpl*)::{lambda()#1}::operator()() const::{lambda()#3}::operator()() const::{lambda(float)#1})::{lambda(hiprandStatePhilox4_32_10*)#2} const&, at::native::templates::cuda::normal_kernel<at::CUDAGeneratorImpl*>(at::TensorBase const&, double, double, at::CUDAGeneratorImpl*)::{lambda()#1}::operator()() const::{lambda()#3}::operator()() const::{lambda(float)#1})::{lambda(int, float)#1}>(long, at::PhiloxCudaState, at::native::templates::cuda::normal_and_transform<c10::Half, float, at::CUDAGeneratorImpl*, at::native::templates::cuda::normal_kernel<at::CUDAGeneratorImpl*>(at::TensorBase const&, double, double, at::CUDAGeneratorImpl*)::{lambda()#1}::operator()() const::{lambda()#3}::operator()() const::{lambda(float)#1}>(at::TensorIteratorBase&, at::CUDAGeneratorImpl*, at::native::templates::cuda::normal_kernel<at::CUDAGeneratorImpl*>(at::TensorBase const&, double, double, at::CUDAGeneratorImpl*)::{lambda()#1}::operator()() const::{lambda()#3}::operator()() const::{lambda(float)#1})::{lambda(hiprandStatePhilox4_32_10*)#2}, at::native::(anonymous namespace)::distribution_nullary_kernel<c10::Half, float, HIP_vector_type<float, 4u>, at::CUDAGeneratorImpl*, at::native::templates::cuda::normal_and_transform<c10::Half, float, at::CUDAGeneratorImpl*, at::native::templates::cuda::normal_kernel<at::CUDAGeneratorImpl*>(at::TensorBase const&, double, double, at::CUDAGeneratorImpl*)::{lambda()#1}::operator()() const::{lambda()#3}::operator()() const::{lambda(float)#1}>(at::TensorIteratorBase&, at::CUDAGeneratorImpl*, at::native::templates::cuda::normal_kernel<at::CUDAGeneratorImpl*>(at::TensorBase const&, double, double, at::CUDAGeneratorImpl*)::{lambda()#1}::operator()() const::{lambda()#3}::operator()() const::{lambda(float)#1})::{lambda(hiprandStatePhilox4_32_10*)#2}, at::native::templates::cuda::normal_kernel<at::CUDAGeneratorImpl*>(at::TensorBase const&, double, double, at::CUDAGeneratorImpl*)::{lambda()#1}::operator()() const::{lambda()#3}::operator()() const::{lambda(float)#1}>(at::TensorIteratorBase&, at::CUDAGeneratorImpl*, at::native::templates::cuda::normal_and_transform<c10::Half, float, at::CUDAGeneratorImpl*, at::native::templates::cuda::normal_kernel<at::CUDAGeneratorImpl*>(at::TensorBase const&, double, double, at::CUDAGeneratorImpl*)::{lambda()#1}::operator()() const::{lambda()#3}::operator()() const::{lambda(float)#1}>(at::TensorIteratorBase&, at::CUDAGeneratorImpl*, at::native::templates::cuda::normal_kernel<at::CUDAGeneratorImpl*>(at::TensorBase const&, double, double, at::CUDAGeneratorImpl*)::{lambda()#1}::operator()() const::{lambda()#3}::operator()() const::{lambda(float)#1})::{lambda(hiprandStatePhilox4_32_10*)#2} const&, at::native::templates::cuda::normal_kernel<at::CUDAGeneratorImpl*>(at::TensorBase const&, double, double, at::CUDAGeneratorImpl*)::{lambda()#1}::operator()() const::{lambda()#3}::operator()() const::{lambda(float)#1})::{lambda(int, float)#1})",2,700762256217437,700762256221607,0,0,256,1,1,32768,1,1
"KERNEL_DISPATCH",8,1,176454,3,15,"void at::native::(anonymous namespace)::distribution_elementwise_grid_stride_kernel<float, 4, at::native::templates::cuda::normal_and_transform<c10::Half, float, at::CUDAGeneratorImpl*, at::native::templates::cuda::normal_kernel<at::CUDAGeneratorImpl*>(at::TensorBase const&, double, double, at::CUDAGeneratorImpl*)::{lambda()#1}::operator()() const::{lambda()#3}::operator()() const::{lambda(float)#1}>(at::TensorIteratorBase&, at::CUDAGeneratorImpl*, at::native::templates::cuda::normal_kernel<at::CUDAGeneratorImpl*>(at::TensorBase const&, double, double, at::CUDAGeneratorImpl*)::{lambda()#1}::operator()() const::{lambda()#3}::operator()() const::{lambda(float)#1})::{lambda(hiprandStatePhilox4_32_10*)#2}, at::native::(anonymous namespace)::distribution_nullary_kernel<c10::Half, float, HIP_vector_type<float, 4u>, at::CUDAGeneratorImpl*, at::native::templates::cuda::normal_and_transform<c10::Half, float, at::CUDAGeneratorImpl*, at::native::templates::cuda::normal_kernel<at::CUDAGeneratorImpl*>(at::TensorBase const&, double, double, at::CUDAGeneratorImpl*)::{lambda()#1}::operator()() const::{lambda()#3}::operator()() const::{lambda(float)#1}>(at::TensorIteratorBase&, at::CUDAGeneratorImpl*, at::native::templates::cuda::normal_kernel<at::CUDAGeneratorImpl*>(at::TensorBase const&, double, double, at::CUDAGeneratorImpl*)::{lambda()#1}::operator()() const::{lambda()#3}::operator()() const::{lambda(float)#1})::{lambda(hiprandStatePhilox4_32_10*)#2}, at::native::templates::cuda::normal_kernel<at::CUDAGeneratorImpl*>(at::TensorBase const&, double, double, at::CUDAGeneratorImpl*)::{lambda()#1}::operator()() const::{lambda()#3}::operator()() const::{lambda(float)#1}>(at::TensorIteratorBase&, at::CUDAGeneratorImpl*, at::native::templates::cuda::normal_and_transform<c10::Half, float, at::CUDAGeneratorImpl*, at::native::templates::cuda::normal_kernel<at::CUDAGeneratorImpl*>(at::TensorBase const&, double, double, at::CUDAGeneratorImpl*)::{lambda()#1}::operator()() const::{lambda()#3}::operator()() const::{lambda(float)#1}>(at::TensorIteratorBase&, at::CUDAGeneratorImpl*, at::native::templates::cuda::normal_kernel<at::CUDAGeneratorImpl*>(at::TensorBase const&, double, double, at::CUDAGeneratorImpl*)::{lambda()#1}::operator()() const::{lambda()#3}::operator()() const::{lambda(float)#1})::{lambda(hiprandStatePhilox4_32_10*)#2} const&, at::native::templates::cuda::normal_kernel<at::CUDAGeneratorImpl*>(at::TensorBase const&, double, double, at::CUDAGeneratorImpl*)::{lambda()#1}::operator()() const::{lambda()#3}::operator()() const::{lambda(float)#1})::{lambda(int, float)#1}>(long, at::PhiloxCudaState, at::native::templates::cuda::normal_and_transform<c10::Half, float, at::CUDAGeneratorImpl*, at::native::templates::cuda::normal_kernel<at::CUDAGeneratorImpl*>(at::TensorBase const&, double, double, at::CUDAGeneratorImpl*)::{lambda()#1}::operator()() const::{lambda()#3}::operator()() const::{lambda(float)#1}>(at::TensorIteratorBase&, at::CUDAGeneratorImpl*, at::native::templates::cuda::normal_kernel<at::CUDAGeneratorImpl*>(at::TensorBase const&, double, double, at::CUDAGeneratorImpl*)::{lambda()#1}::operator()() const::{lambda()#3}::operator()() const::{lambda(float)#1})::{lambda(hiprandStatePhilox4_32_10*)#2}, at::native::(anonymous namespace)::distribution_nullary_kernel<c10::Half, float, HIP_vector_type<float, 4u>, at::CUDAGeneratorImpl*, at::native::templates::cuda::normal_and_transform<c10::Half, float, at::CUDAGeneratorImpl*, at::native::templates::cuda::normal_kernel<at::CUDAGeneratorImpl*>(at::TensorBase const&, double, double, at::CUDAGeneratorImpl*)::{lambda()#1}::operator()() const::{lambda()#3}::operator()() const::{lambda(float)#1}>(at::TensorIteratorBase&, at::CUDAGeneratorImpl*, at::native::templates::cuda::normal_kernel<at::CUDAGeneratorImpl*>(at::TensorBase const&, double, double, at::CUDAGeneratorImpl*)::{lambda()#1}::operator()() const::{lambda()#3}::operator()() const::{lambda(float)#1})::{lambda(hiprandStatePhilox4_32_10*)#2}, at::native::templates::cuda::normal_kernel<at::CUDAGeneratorImpl*>(at::TensorBase const&, double, double, at::CUDAGeneratorImpl*)::{lambda()#1}::operator()() const::{lambda()#3}::operator()() const::{lambda(float)#1}>(at::TensorIteratorBase&, at::CUDAGeneratorImpl*, at::native::templates::cuda::normal_and_transform<c10::Half, float, at::CUDAGeneratorImpl*, at::native::templates::cuda::normal_kernel<at::CUDAGeneratorImpl*>(at::TensorBase const&, double, double, at::CUDAGeneratorImpl*)::{lambda()#1}::operator()() const::{lambda()#3}::operator()() const::{lambda(float)#1}>(at::TensorIteratorBase&, at::CUDAGeneratorImpl*, at::native::templates::cuda::normal_kernel<at::CUDAGeneratorImpl*>(at::TensorBase const&, double, double, at::CUDAGeneratorImpl*)::{lambda()#1}::operator()() const::{lambda()#3}::operator()() const::{lambda(float)#1})::{lambda(hiprandStatePhilox4_32_10*)#2} const&, at::native::templates::cuda::normal_kernel<at::CUDAGeneratorImpl*>(at::TensorBase const&, double, double, at::CUDAGeneratorImpl*)::{lambda()#1}::operator()() const::{lambda()#3}::operator()() const::{lambda(float)#1})::{lambda(int, float)#1})",3,700762256331418,700762256335187,0,0,256,1,1,32768,1,1
"KERNEL_DISPATCH",8,1,176454,4,15,"void at::native::(anonymous namespace)::distribution_elementwise_grid_stride_kernel<float, 4, at::native::templates::cuda::normal_and_transform<c10::Half, float, at::CUDAGeneratorImpl*, at::native::templates::cuda::normal_kernel<at::CUDAGeneratorImpl*>(at::TensorBase const&, double, double, at::CUDAGeneratorImpl*)::{lambda()#1}::operator()() const::{lambda()#3}::operator()() const::{lambda(float)#1}>(at::TensorIteratorBase&, at::CUDAGeneratorImpl*, at::native::templates::cuda::normal_kernel<at::CUDAGeneratorImpl*>(at::TensorBase const&, double, double, at::CUDAGeneratorImpl*)::{lambda()#1}::operator()() const::{lambda()#3}::operator()() const::{lambda(float)#1})::{lambda(hiprandStatePhilox4_32_10*)#2}, at::native::(anonymous namespace)::distribution_nullary_kernel<c10::Half, float, HIP_vector_type<float, 4u>, at::CUDAGeneratorImpl*, at::native::templates::cuda::normal_and_transform<c10::Half, float, at::CUDAGeneratorImpl*, at::native::templates::cuda::normal_kernel<at::CUDAGeneratorImpl*>(at::TensorBase const&, double, double, at::CUDAGeneratorImpl*)::{lambda()#1}::operator()() const::{lambda()#3}::operator()() const::{lambda(float)#1}>(at::TensorIteratorBase&, at::CUDAGeneratorImpl*, at::native::templates::cuda::normal_kernel<at::CUDAGeneratorImpl*>(at::TensorBase const&, double, double, at::CUDAGeneratorImpl*)::{lambda()#1}::operator()() const::{lambda()#3}::operator()() const::{lambda(float)#1})::{lambda(hiprandStatePhilox4_32_10*)#2}, at::native::templates::cuda::normal_kernel<at::CUDAGeneratorImpl*>(at::TensorBase const&, double, double, at::CUDAGeneratorImpl*)::{lambda()#1}::operator()() const::{lambda()#3}::operator()() const::{lambda(float)#1}>(at::TensorIteratorBase&, at::CUDAGeneratorImpl*, at::native::templates::cuda::normal_and_transform<c10::Half, float, at::CUDAGeneratorImpl*, at::native::templates::cuda::normal_kernel<at::CUDAGeneratorImpl*>(at::TensorBase const&, double, double, at::CUDAGeneratorImpl*)::{lambda()#1}::operator()() const::{lambda()#3}::operator()() const::{lambda(float)#1}>(at::TensorIteratorBase&, at::CUDAGeneratorImpl*, at::native::templates::cuda::normal_kernel<at::CUDAGeneratorImpl*>(at::TensorBase const&, double, double, at::CUDAGeneratorImpl*)::{lambda()#1}::operator()() const::{lambda()#3}::operator()() const::{lambda(float)#1})::{lambda(hiprandStatePhilox4_32_10*)#2} const&, at::native::templates::cuda::normal_kernel<at::CUDAGeneratorImpl*>(at::TensorBase const&, double, double, at::CUDAGeneratorImpl*)::{lambda()#1}::operator()() const::{lambda()#3}::operator()() const::{lambda(float)#1})::{lambda(int, float)#1}>(long, at::PhiloxCudaState, at::native::templates::cuda::normal_and_transform<c10::Half, float, at::CUDAGeneratorImpl*, at::native::templates::cuda::normal_kernel<at::CUDAGeneratorImpl*>(at::TensorBase const&, double, double, at::CUDAGeneratorImpl*)::{lambda()#1}::operator()() const::{lambda()#3}::operator()() const::{lambda(float)#1}>(at::TensorIteratorBase&, at::CUDAGeneratorImpl*, at::native::templates::cuda::normal_kernel<at::CUDAGeneratorImpl*>(at::TensorBase const&, double, double, at::CUDAGeneratorImpl*)::{lambda()#1}::operator()() const::{lambda()#3}::operator()() const::{lambda(float)#1})::{lambda(hiprandStatePhilox4_32_10*)#2}, at::native::(anonymous namespace)::distribution_nullary_kernel<c10::Half, float, HIP_vector_type<float, 4u>, at::CUDAGeneratorImpl*, at::native::templates::cuda::normal_and_transform<c10::Half, float, at::CUDAGeneratorImpl*, at::native::templates::cuda::normal_kernel<at::CUDAGeneratorImpl*>(at::TensorBase const&, double, double, at::CUDAGeneratorImpl*)::{lambda()#1}::operator()() const::{lambda()#3}::operator()() const::{lambda(float)#1}>(at::TensorIteratorBase&, at::CUDAGeneratorImpl*, at::native::templates::cuda::normal_kernel<at::CUDAGeneratorImpl*>(at::TensorBase const&, double, double, at::CUDAGeneratorImpl*)::{lambda()#1}::operator()() const::{lambda()#3}::operator()() const::{lambda(float)#1})::{lambda(hiprandStatePhilox4_32_10*)#2}, at::native::templates::cuda::normal_kernel<at::CUDAGeneratorImpl*>(at::TensorBase const&, double, double, at::CUDAGeneratorImpl*)::{lambda()#1}::operator()() const::{lambda()#3}::operator()() const::{lambda(float)#1}>(at::TensorIteratorBase&, at::CUDAGeneratorImpl*, at::native::templates::cuda::normal_and_transform<c10::Half, float, at::CUDAGeneratorImpl*, at::native::templates::cuda::normal_kernel<at::CUDAGeneratorImpl*>(at::TensorBase const&, double, double, at::CUDAGeneratorImpl*)::{lambda()#1}::operator()() const::{lambda()#3}::operator()() const::{lambda(float)#1}>(at::TensorIteratorBase&, at::CUDAGeneratorImpl*, at::native::templates::cuda::normal_kernel<at::CUDAGeneratorImpl*>(at::TensorBase const&, double, double, at::CUDAGeneratorImpl*)::{lambda()#1}::operator()() const::{lambda()#3}::operator()() const::{lambda(float)#1})::{lambda(hiprandStatePhilox4_32_10*)#2} const&, at::native::templates::cuda::normal_kernel<at::CUDAGeneratorImpl*>(at::TensorBase const&, double, double, at::CUDAGeneratorImpl*)::{lambda()#1}::operator()() const::{lambda()#3}::operator()() const::{lambda(float)#1})::{lambda(int, float)#1})",4,700762256356155,700762256360204,0,0,256,1,1,1024,1,1
"KERNEL_DISPATCH",8,1,176454,5,15,"void at::native::(anonymous namespace)::distribution_elementwise_grid_stride_kernel<float, 4, at::native::templates::cuda::normal_and_transform<c10::Half, float, at::CUDAGeneratorImpl*, at::native::templates::cuda::normal_kernel<at::CUDAGeneratorImpl*>(at::TensorBase const&, double, double, at::CUDAGeneratorImpl*)::{lambda()#1}::operator()() const::{lambda()#3}::operator()() const::{lambda(float)#1}>(at::TensorIteratorBase&, at::CUDAGeneratorImpl*, at::native::templates::cuda::normal_kernel<at::CUDAGeneratorImpl*>(at::TensorBase const&, double, double, at::CUDAGeneratorImpl*)::{lambda()#1}::operator()() const::{lambda()#3}::operator()() const::{lambda(float)#1})::{lambda(hiprandStatePhilox4_32_10*)#2}, at::native::(anonymous namespace)::distribution_nullary_kernel<c10::Half, float, HIP_vector_type<float, 4u>, at::CUDAGeneratorImpl*, at::native::templates::cuda::normal_and_transform<c10::Half, float, at::CUDAGeneratorImpl*, at::native::templates::cuda::normal_kernel<at::CUDAGeneratorImpl*>(at::TensorBase const&, double, double, at::CUDAGeneratorImpl*)::{lambda()#1}::operator()() const::{lambda()#3}::operator()() const::{lambda(float)#1}>(at::TensorIteratorBase&, at::CUDAGeneratorImpl*, at::native::templates::cuda::normal_kernel<at::CUDAGeneratorImpl*>(at::TensorBase const&, double, double, at::CUDAGeneratorImpl*)::{lambda()#1}::operator()() const::{lambda()#3}::operator()() const::{lambda(float)#1})::{lambda(hiprandStatePhilox4_32_10*)#2}, at::native::templates::cuda::normal_kernel<at::CUDAGeneratorImpl*>(at::TensorBase const&, double, double, at::CUDAGeneratorImpl*)::{lambda()#1}::operator()() const::{lambda()#3}::operator()() const::{lambda(float)#1}>(at::TensorIteratorBase&, at::CUDAGeneratorImpl*, at::native::templates::cuda::normal_and_transform<c10::Half, float, at::CUDAGeneratorImpl*, at::native::templates::cuda::normal_kernel<at::CUDAGeneratorImpl*>(at::TensorBase const&, double, double, at::CUDAGeneratorImpl*)::{lambda()#1}::operator()() const::{lambda()#3}::operator()() const::{lambda(float)#1}>(at::TensorIteratorBase&, at::CUDAGeneratorImpl*, at::native::templates::cuda::normal_kernel<at::CUDAGeneratorImpl*>(at::TensorBase const&, double, double, at::CUDAGeneratorImpl*)::{lambda()#1}::operator()() const::{lambda()#3}::operator()() const::{lambda(float)#1})::{lambda(hiprandStatePhilox4_32_10*)#2} const&, at::native::templates::cuda::normal_kernel<at::CUDAGeneratorImpl*>(at::TensorBase const&, double, double, at::CUDAGeneratorImpl*)::{lambda()#1}::operator()() const::{lambda()#3}::operator()() const::{lambda(float)#1})::{lambda(int, float)#1}>(long, at::PhiloxCudaState, at::native::templates::cuda::normal_and_transform<c10::Half, float, at::CUDAGeneratorImpl*, at::native::templates::cuda::normal_kernel<at::CUDAGeneratorImpl*>(at::TensorBase const&, double, double, at::CUDAGeneratorImpl*)::{lambda()#1}::operator()() const::{lambda()#3}::operator()() const::{lambda(float)#1}>(at::TensorIteratorBase&, at::CUDAGeneratorImpl*, at::native::templates::cuda::normal_kernel<at::CUDAGeneratorImpl*>(at::TensorBase const&, double, double, at::CUDAGeneratorImpl*)::{lambda()#1}::operator()() const::{lambda()#3}::operator()() const::{lambda(float)#1})::{lambda(hiprandStatePhilox4_32_10*)#2}, at::native::(anonymous namespace)::distribution_nullary_kernel<c10::Half, float, HIP_vector_type<float, 4u>, at::CUDAGeneratorImpl*, at::native::templates::cuda::normal_and_transform<c10::Half, float, at::CUDAGeneratorImpl*, at::native::templates::cuda::normal_kernel<at::CUDAGeneratorImpl*>(at::TensorBase const&, double, double, at::CUDAGeneratorImpl*)::{lambda()#1}::operator()() const::{lambda()#3}::operator()() const::{lambda(float)#1}>(at::TensorIteratorBase&, at::CUDAGeneratorImpl*, at::native::templates::cuda::normal_kernel<at::CUDAGeneratorImpl*>(at::TensorBase const&, double, double, at::CUDAGeneratorImpl*)::{lambda()#1}::operator()() const::{lambda()#3}::operator()() const::{lambda(float)#1})::{lambda(hiprandStatePhilox4_32_10*)#2}, at::native::templates::cuda::normal_kernel<at::CUDAGeneratorImpl*>(at::TensorBase const&, double, double, at::CUDAGeneratorImpl*)::{lambda()#1}::operator()() const::{lambda()#3}::operator()() const::{lambda(float)#1}>(at::TensorIteratorBase&, at::CUDAGeneratorImpl*, at::native::templates::cuda::normal_and_transform<c10::Half, float, at::CUDAGeneratorImpl*, at::native::templates::cuda::normal_kernel<at::CUDAGeneratorImpl*>(at::TensorBase const&, double, double, at::CUDAGeneratorImpl*)::{lambda()#1}::operator()() const::{lambda()#3}::operator()() const::{lambda(float)#1}>(at::TensorIteratorBase&, at::CUDAGeneratorImpl*, at::native::templates::cuda::normal_kernel<at::CUDAGeneratorImpl*>(at::TensorBase const&, double, double, at::CUDAGeneratorImpl*)::{lambda()#1}::operator()() const::{lambda()#3}::operator()() const::{lambda(float)#1})::{lambda(hiprandStatePhilox4_32_10*)#2} const&, at::native::templates::cuda::normal_kernel<at::CUDAGeneratorImpl*>(at::TensorBase const&, double, double, at::CUDAGeneratorImpl*)::{lambda()#1}::operator()() const::{lambda()#3}::operator()() const::{lambda(float)#1})::{lambda(int, float)#1})",5,700762256372953,700762256379608,0,0,256,1,1,524288,1,1
"KERNEL_DISPATCH",8,1,176454,6,15,"void at::native::(anonymous namespace)::distribution_elementwise_grid_stride_kernel<float, 4, at::native::templates::cuda::normal_and_transform<c10::Half, float, at::CUDAGeneratorImpl*, at::native::templates::cuda::normal_kernel<at::CUDAGeneratorImpl*>(at::TensorBase const&, double, double, at::CUDAGeneratorImpl*)::{lambda()#1}::operator()() const::{lambda()#3}::operator()() const::{lambda(float)#1}>(at::TensorIteratorBase&, at::CUDAGeneratorImpl*, at::native::templates::cuda::normal_kernel<at::CUDAGeneratorImpl*>(at::TensorBase const&, double, double, at::CUDAGeneratorImpl*)::{lambda()#1}::operator()() const::{lambda()#3}::operator()() const::{lambda(float)#1})::{lambda(hiprandStatePhilox4_32_10*)#2}, at::native::(anonymous namespace)::distribution_nullary_kernel<c10::Half, float, HIP_vector_type<float, 4u>, at::CUDAGeneratorImpl*, at::native::templates::cuda::normal_and_transform<c10::Half, float, at::CUDAGeneratorImpl*, at::native::templates::cuda::normal_kernel<at::CUDAGeneratorImpl*>(at::TensorBase const&, double, double, at::CUDAGeneratorImpl*)::{lambda()#1}::operator()() const::{lambda()#3}::operator()() const::{lambda(float)#1}>(at::TensorIteratorBase&, at::CUDAGeneratorImpl*, at::native::templates::cuda::normal_kernel<at::CUDAGeneratorImpl*>(at::TensorBase const&, double, double, at::CUDAGeneratorImpl*)::{lambda()#1}::operator()() const::{lambda()#3}::operator()() const::{lambda(float)#1})::{lambda(hiprandStatePhilox4_32_10*)#2}, at::native::templates::cuda::normal_kernel<at::CUDAGeneratorImpl*>(at::TensorBase const&, double, double, at::CUDAGeneratorImpl*)::{lambda()#1}::operator()() const::{lambda()#3}::operator()() const::{lambda(float)#1}>(at::TensorIteratorBase&, at::CUDAGeneratorImpl*, at::native::templates::cuda::normal_and_transform<c10::Half, float, at::CUDAGeneratorImpl*, at::native::templates::cuda::normal_kernel<at::CUDAGeneratorImpl*>(at::TensorBase const&, double, double, at::CUDAGeneratorImpl*)::{lambda()#1}::operator()() const::{lambda()#3}::operator()() const::{lambda(float)#1}>(at::TensorIteratorBase&, at::CUDAGeneratorImpl*, at::native::templates::cuda::normal_kernel<at::CUDAGeneratorImpl*>(at::TensorBase const&, double, double, at::CUDAGeneratorImpl*)::{lambda()#1}::operator()() const::{lambda()#3}::operator()() const::{lambda(float)#1})::{lambda(hiprandStatePhilox4_32_10*)#2} const&, at::native::templates::cuda::normal_kernel<at::CUDAGeneratorImpl*>(at::TensorBase const&, double, double, at::CUDAGeneratorImpl*)::{lambda()#1}::operator()() const::{lambda()#3}::operator()() const::{lambda(float)#1})::{lambda(int, float)#1}>(long, at::PhiloxCudaState, at::native::templates::cuda::normal_and_transform<c10::Half, float, at::CUDAGeneratorImpl*, at::native::templates::cuda::normal_kernel<at::CUDAGeneratorImpl*>(at::TensorBase const&, double, double, at::CUDAGeneratorImpl*)::{lambda()#1}::operator()() const::{lambda()#3}::operator()() const::{lambda(float)#1}>(at::TensorIteratorBase&, at::CUDAGeneratorImpl*, at::native::templates::cuda::normal_kernel<at::CUDAGeneratorImpl*>(at::TensorBase const&, double, double, at::CUDAGeneratorImpl*)::{lambda()#1}::operator()() const::{lambda()#3}::operator()() const::{lambda(float)#1})::{lambda(hiprandStatePhilox4_32_10*)#2}, at::native::(anonymous namespace)::distribution_nullary_kernel<c10::Half, float, HIP_vector_type<float, 4u>, at::CUDAGeneratorImpl*, at::native::templates::cuda::normal_and_transform<c10::Half, float, at::CUDAGeneratorImpl*, at::native::templates::cuda::normal_kernel<at::CUDAGeneratorImpl*>(at::TensorBase const&, double, double, at::CUDAGeneratorImpl*)::{lambda()#1}::operator()() const::{lambda()#3}::operator()() const::{lambda(float)#1}>(at::TensorIteratorBase&, at::CUDAGeneratorImpl*, at::native::templates::cuda::normal_kernel<at::CUDAGeneratorImpl*>(at::TensorBase const&, double, double, at::CUDAGeneratorImpl*)::{lambda()#1}::operator()() const::{lambda()#3}::operator()() const::{lambda(float)#1})::{lambda(hiprandStatePhilox4_32_10*)#2}, at::native::templates::cuda::normal_kernel<at::CUDAGeneratorImpl*>(at::TensorBase const&, double, double, at::CUDAGeneratorImpl*)::{lambda()#1}::operator()() const::{lambda()#3}::operator()() const::{lambda(float)#1}>(at::TensorIteratorBase&, at::CUDAGeneratorImpl*, at::native::templates::cuda::normal_and_transform<c10::Half, float, at::CUDAGeneratorImpl*, at::native::templates::cuda::normal_kernel<at::CUDAGeneratorImpl*>(at::TensorBase const&, double, double, at::CUDAGeneratorImpl*)::{lambda()#1}::operator()() const::{lambda()#3}::operator()() const::{lambda(float)#1}>(at::TensorIteratorBase&, at::CUDAGeneratorImpl*, at::native::templates::cuda::normal_kernel<at::CUDAGeneratorImpl*>(at::TensorBase const&, double, double, at::CUDAGeneratorImpl*)::{lambda()#1}::operator()() const::{lambda()#3}::operator()() const::{lambda(float)#1})::{lambda(hiprandStatePhilox4_32_10*)#2} const&, at::native::templates::cuda::normal_kernel<at::CUDAGeneratorImpl*>(at::TensorBase const&, double, double, at::CUDAGeneratorImpl*)::{lambda()#1}::operator()() const::{lambda()#3}::operator()() const::{lambda(float)#1})::{lambda(int, float)#1})",6,700762256422266,700762256429603,0,0,256,1,1,524288,1,1
"KERNEL_DISPATCH",8,1,176454,7,15,"void at::native::(anonymous namespace)::distribution_elementwise_grid_stride_kernel<float, 4, at::native::templates::cuda::normal_and_transform<c10::Half, float, at::CUDAGeneratorImpl*, at::native::templates::cuda::normal_kernel<at::CUDAGeneratorImpl*>(at::TensorBase const&, double, double, at::CUDAGeneratorImpl*)::{lambda()#1}::operator()() const::{lambda()#3}::operator()() const::{lambda(float)#1}>(at::TensorIteratorBase&, at::CUDAGeneratorImpl*, at::native::templates::cuda::normal_kernel<at::CUDAGeneratorImpl*>(at::TensorBase const&, double, double, at::CUDAGeneratorImpl*)::{lambda()#1}::operator()() const::{lambda()#3}::operator()() const::{lambda(float)#1})::{lambda(hiprandStatePhilox4_32_10*)#2}, at::native::(anonymous namespace)::distribution_nullary_kernel<c10::Half, float, HIP_vector_type<float, 4u>, at::CUDAGeneratorImpl*, at::native::templates::cuda::normal_and_transform<c10::Half, float, at::CUDAGeneratorImpl*, at::native::templates::cuda::normal_kernel<at::CUDAGeneratorImpl*>(at::TensorBase const&, double, double, at::CUDAGeneratorImpl*)::{lambda()#1}::operator()() const::{lambda()#3}::operator()() const::{lambda(float)#1}>(at::TensorIteratorBase&, at::CUDAGeneratorImpl*, at::native::templates::cuda::normal_kernel<at::CUDAGeneratorImpl*>(at::TensorBase const&, double, double, at::CUDAGeneratorImpl*)::{lambda()#1}::operator()() const::{lambda()#3}::operator()() const::{lambda(float)#1})::{lambda(hiprandStatePhilox4_32_10*)#2}, at::native::templates::cuda::normal_kernel<at::CUDAGeneratorImpl*>(at::TensorBase const&, double, double, at::CUDAGeneratorImpl*)::{lambda()#1}::operator()() const::{lambda()#3}::operator()() const::{lambda(float)#1}>(at::TensorIteratorBase&, at::CUDAGeneratorImpl*, at::native::templates::cuda::normal_and_transform<c10::Half, float, at::CUDAGeneratorImpl*, at::native::templates::cuda::normal_kernel<at::CUDAGeneratorImpl*>(at::TensorBase const&, double, double, at::CUDAGeneratorImpl*)::{lambda()#1}::operator()() const::{lambda()#3}::operator()() const::{lambda(float)#1}>(at::TensorIteratorBase&, at::CUDAGeneratorImpl*, at::native::templates::cuda::normal_kernel<at::CUDAGeneratorImpl*>(at::TensorBase const&, double, double, at::CUDAGeneratorImpl*)::{lambda()#1}::operator()() const::{lambda()#3}::operator()() const::{lambda(float)#1})::{lambda(hiprandStatePhilox4_32_10*)#2} const&, at::native::templates::cuda::normal_kernel<at::CUDAGeneratorImpl*>(at::TensorBase const&, double, double, at::CUDAGeneratorImpl*)::{lambda()#1}::operator()() const::{lambda()#3}::operator()() const::{lambda(float)#1})::{lambda(int, float)#1}>(long, at::PhiloxCudaState, at::native::templates::cuda::normal_and_transform<c10::Half, float, at::CUDAGeneratorImpl*, at::native::templates::cuda::normal_kernel<at::CUDAGeneratorImpl*>(at::TensorBase const&, double, double, at::CUDAGeneratorImpl*)::{lambda()#1}::operator()() const::{lambda()#3}::operator()() const::{lambda(float)#1}>(at::TensorIteratorBase&, at::CUDAGeneratorImpl*, at::native::templates::cuda::normal_kernel<at::CUDAGeneratorImpl*>(at::TensorBase const&, double, double, at::CUDAGeneratorImpl*)::{lambda()#1}::operator()() const::{lambda()#3}::operator()() const::{lambda(float)#1})::{lambda(hiprandStatePhilox4_32_10*)#2}, at::native::(anonymous namespace)::distribution_nullary_kernel<c10::Half, float, HIP_vector_type<float, 4u>, at::CUDAGeneratorImpl*, at::native::templates::cuda::normal_and_transform<c10::Half, float, at::CUDAGeneratorImpl*, at::native::templates::cuda::normal_kernel<at::CUDAGeneratorImpl*>(at::TensorBase const&, double, double, at::CUDAGeneratorImpl*)::{lambda()#1}::operator()() const::{lambda()#3}::operator()() const::{lambda(float)#1}>(at::TensorIteratorBase&, at::CUDAGeneratorImpl*, at::native::templates::cuda::normal_kernel<at::CUDAGeneratorImpl*>(at::TensorBase const&, double, double, at::CUDAGeneratorImpl*)::{lambda()#1}::operator()() const::{lambda()#3}::operator()() const::{lambda(float)#1})::{lambda(hiprandStatePhilox4_32_10*)#2}, at::native::templates::cuda::normal_kernel<at::CUDAGeneratorImpl*>(at::TensorBase const&, double, double, at::CUDAGeneratorImpl*)::{lambda()#1}::operator()() const::{lambda()#3}::operator()() const::{lambda(float)#1}>(at::TensorIteratorBase&, at::CUDAGeneratorImpl*, at::native::templates::cuda::normal_and_transform<c10::Half, float, at::CUDAGeneratorImpl*, at::native::templates::cuda::normal_kernel<at::CUDAGeneratorImpl*>(at::TensorBase const&, double, double, at::CUDAGeneratorImpl*)::{lambda()#1}::operator()() const::{lambda()#3}::operator()() const::{lambda(float)#1}>(at::TensorIteratorBase&, at::CUDAGeneratorImpl*, at::native::templates::cuda::normal_kernel<at::CUDAGeneratorImpl*>(at::TensorBase const&, double, double, at::CUDAGeneratorImpl*)::{lambda()#1}::operator()() const::{lambda()#3}::operator()() const::{lambda(float)#1})::{lambda(hiprandStatePhilox4_32_10*)#2} const&, at::native::templates::cuda::normal_kernel<at::CUDAGeneratorImpl*>(at::TensorBase const&, double, double, at::CUDAGeneratorImpl*)::{lambda()#1}::operator()() const::{lambda()#3}::operator()() const::{lambda(float)#1})::{lambda(int, float)#1})",7,700762256436338,700762256482043,0,0,256,1,1,622592,1,1
"KERNEL_DISPATCH",8,1,176454,8,15,"void at::native::(anonymous namespace)::distribution_elementwise_grid_stride_kernel<float, 4, at::native::templates::cuda::normal_and_transform<c10::Half, float, at::CUDAGeneratorImpl*, at::native::templates::cuda::normal_kernel<at::CUDAGeneratorImpl*>(at::TensorBase const&, double, double, at::CUDAGeneratorImpl*)::{lambda()#1}::operator()() const::{lambda()#3}::operator()() const::{lambda(float)#1}>(at::TensorIteratorBase&, at::CUDAGeneratorImpl*, at::native::templates::cuda::normal_kernel<at::CUDAGeneratorImpl*>(at::TensorBase const&, double, double, at::CUDAGeneratorImpl*)::{lambda()#1}::operator()() const::{lambda()#3}::operator()() const::{lambda(float)#1})::{lambda(hiprandStatePhilox4_32_10*)#2}, at::native::(anonymous namespace)::distribution_nullary_kernel<c10::Half, float, HIP_vector_type<float, 4u>, at::CUDAGeneratorImpl*, at::native::templates::cuda::normal_and_transform<c10::Half, float, at::CUDAGeneratorImpl*, at::native::templates::cuda::normal_kernel<at::CUDAGeneratorImpl*>(at::TensorBase const&, double, double, at::CUDAGeneratorImpl*)::{lambda()#1}::operator()() const::{lambda()#3}::operator()() const::{lambda(float)#1}>(at::TensorIteratorBase&, at::CUDAGeneratorImpl*, at::native::templates::cuda::normal_kernel<at::CUDAGeneratorImpl*>(at::TensorBase const&, double, double, at::CUDAGeneratorImpl*)::{lambda()#1}::operator()() const::{lambda()#3}::operator()() const::{lambda(float)#1})::{lambda(hiprandStatePhilox4_32_10*)#2}, at::native::templates::cuda::normal_kernel<at::CUDAGeneratorImpl*>(at::TensorBase const&, double, double, at::CUDAGeneratorImpl*)::{lambda()#1}::operator()() const::{lambda()#3}::operator()() const::{lambda(float)#1}>(at::TensorIteratorBase&, at::CUDAGeneratorImpl*, at::native::templates::cuda::normal_and_transform<c10::Half, float, at::CUDAGeneratorImpl*, at::native::templates::cuda::normal_kernel<at::CUDAGeneratorImpl*>(at::TensorBase const&, double, double, at::CUDAGeneratorImpl*)::{lambda()#1}::operator()() const::{lambda()#3}::operator()() const::{lambda(float)#1}>(at::TensorIteratorBase&, at::CUDAGeneratorImpl*, at::native::templates::cuda::normal_kernel<at::CUDAGeneratorImpl*>(at::TensorBase const&, double, double, at::CUDAGeneratorImpl*)::{lambda()#1}::operator()() const::{lambda()#3}::operator()() const::{lambda(float)#1})::{lambda(hiprandStatePhilox4_32_10*)#2} const&, at::native::templates::cuda::normal_kernel<at::CUDAGeneratorImpl*>(at::TensorBase const&, double, double, at::CUDAGeneratorImpl*)::{lambda()#1}::operator()() const::{lambda()#3}::operator()() const::{lambda(float)#1})::{lambda(int, float)#1}>(long, at::PhiloxCudaState, at::native::templates::cuda::normal_and_transform<c10::Half, float, at::CUDAGeneratorImpl*, at::native::templates::cuda::normal_kernel<at::CUDAGeneratorImpl*>(at::TensorBase const&, double, double, at::CUDAGeneratorImpl*)::{lambda()#1}::operator()() const::{lambda()#3}::operator()() const::{lambda(float)#1}>(at::TensorIteratorBase&, at::CUDAGeneratorImpl*, at::native::templates::cuda::normal_kernel<at::CUDAGeneratorImpl*>(at::TensorBase const&, double, double, at::CUDAGeneratorImpl*)::{lambda()#1}::operator()() const::{lambda()#3}::operator()() const::{lambda(float)#1})::{lambda(hiprandStatePhilox4_32_10*)#2}, at::native::(anonymous namespace)::distribution_nullary_kernel<c10::Half, float, HIP_vector_type<float, 4u>, at::CUDAGeneratorImpl*, at::native::templates::cuda::normal_and_transform<c10::Half, float, at::CUDAGeneratorImpl*, at::native::templates::cuda::normal_kernel<at::CUDAGeneratorImpl*>(at::TensorBase const&, double, double, at::CUDAGeneratorImpl*)::{lambda()#1}::operator()() const::{lambda()#3}::operator()() const::{lambda(float)#1}>(at::TensorIteratorBase&, at::CUDAGeneratorImpl*, at::native::templates::cuda::normal_kernel<at::CUDAGeneratorImpl*>(at::TensorBase const&, double, double, at::CUDAGeneratorImpl*)::{lambda()#1}::operator()() const::{lambda()#3}::operator()() const::{lambda(float)#1})::{lambda(hiprandStatePhilox4_32_10*)#2}, at::native::templates::cuda::normal_kernel<at::CUDAGeneratorImpl*>(at::TensorBase const&, double, double, at::CUDAGeneratorImpl*)::{lambda()#1}::operator()() const::{lambda()#3}::operator()() const::{lambda(float)#1}>(at::TensorIteratorBase&, at::CUDAGeneratorImpl*, at::native::templates::cuda::normal_and_transform<c10::Half, float, at::CUDAGeneratorImpl*, at::native::templates::cuda::normal_kernel<at::CUDAGeneratorImpl*>(at::TensorBase const&, double, double, at::CUDAGeneratorImpl*)::{lambda()#1}::operator()() const::{lambda()#3}::operator()() const::{lambda(float)#1}>(at::TensorIteratorBase&, at::CUDAGeneratorImpl*, at::native::templates::cuda::normal_kernel<at::CUDAGeneratorImpl*>(at::TensorBase const&, double, double, at::CUDAGeneratorImpl*)::{lambda()#1}::operator()() const::{lambda()#3}::operator()() const::{lambda(float)#1})::{lambda(hiprandStatePhilox4_32_10*)#2} const&, at::native::templates::cuda::normal_kernel<at::CUDAGeneratorImpl*>(at::TensorBase const&, double, double, at::CUDAGeneratorImpl*)::{lambda()#1}::operator()() const::{lambda()#3}::operator()() const::{lambda(float)#1})::{lambda(int, float)#1})",8,700762256486373,700762256488898,0,0,256,1,1,32768,1,1
"KERNEL_DISPATCH",8,1,176454,9,15,"void at::native::(anonymous namespace)::distribution_elementwise_grid_stride_kernel<float, 4, at::native::templates::cuda::normal_and_transform<c10::Half, float, at::CUDAGeneratorImpl*, at::native::templates::cuda::normal_kernel<at::CUDAGeneratorImpl*>(at::TensorBase const&, double, double, at::CUDAGeneratorImpl*)::{lambda()#1}::operator()() const::{lambda()#3}::operator()() const::{lambda(float)#1}>(at::TensorIteratorBase&, at::CUDAGeneratorImpl*, at::native::templates::cuda::normal_kernel<at::CUDAGeneratorImpl*>(at::TensorBase const&, double, double, at::CUDAGeneratorImpl*)::{lambda()#1}::operator()() const::{lambda()#3}::operator()() const::{lambda(float)#1})::{lambda(hiprandStatePhilox4_32_10*)#2}, at::native::(anonymous namespace)::distribution_nullary_kernel<c10::Half, float, HIP_vector_type<float, 4u>, at::CUDAGeneratorImpl*, at::native::templates::cuda::normal_and_transform<c10::Half, float, at::CUDAGeneratorImpl*, at::native::templates::cuda::normal_kernel<at::CUDAGeneratorImpl*>(at::TensorBase const&, double, double, at::CUDAGeneratorImpl*)::{lambda()#1}::operator()() const::{lambda()#3}::operator()() const::{lambda(float)#1}>(at::TensorIteratorBase&, at::CUDAGeneratorImpl*, at::native::templates::cuda::normal_kernel<at::CUDAGeneratorImpl*>(at::TensorBase const&, double, double, at::CUDAGeneratorImpl*)::{lambda()#1}::operator()() const::{lambda()#3}::operator()() const::{lambda(float)#1})::{lambda(hiprandStatePhilox4_32_10*)#2}, at::native::templates::cuda::normal_kernel<at::CUDAGeneratorImpl*>(at::TensorBase const&, double, double, at::CUDAGeneratorImpl*)::{lambda()#1}::operator()() const::{lambda()#3}::operator()() const::{lambda(float)#1}>(at::TensorIteratorBase&, at::CUDAGeneratorImpl*, at::native::templates::cuda::normal_and_transform<c10::Half, float, at::CUDAGeneratorImpl*, at::native::templates::cuda::normal_kernel<at::CUDAGeneratorImpl*>(at::TensorBase const&, double, double, at::CUDAGeneratorImpl*)::{lambda()#1}::operator()() const::{lambda()#3}::operator()() const::{lambda(float)#1}>(at::TensorIteratorBase&, at::CUDAGeneratorImpl*, at::native::templates::cuda::normal_kernel<at::CUDAGeneratorImpl*>(at::TensorBase const&, double, double, at::CUDAGeneratorImpl*)::{lambda()#1}::operator()() const::{lambda()#3}::operator()() const::{lambda(float)#1})::{lambda(hiprandStatePhilox4_32_10*)#2} const&, at::native::templates::cuda::normal_kernel<at::CUDAGeneratorImpl*>(at::TensorBase const&, double, double, at::CUDAGeneratorImpl*)::{lambda()#1}::operator()() const::{lambda()#3}::operator()() const::{lambda(float)#1})::{lambda(int, float)#1}>(long, at::PhiloxCudaState, at::native::templates::cuda::normal_and_transform<c10::Half, float, at::CUDAGeneratorImpl*, at::native::templates::cuda::normal_kernel<at::CUDAGeneratorImpl*>(at::TensorBase const&, double, double, at::CUDAGeneratorImpl*)::{lambda()#1}::operator()() const::{lambda()#3}::operator()() const::{lambda(float)#1}>(at::TensorIteratorBase&, at::CUDAGeneratorImpl*, at::native::templates::cuda::normal_kernel<at::CUDAGeneratorImpl*>(at::TensorBase const&, double, double, at::CUDAGeneratorImpl*)::{lambda()#1}::operator()() const::{lambda()#3}::operator()() const::{lambda(float)#1})::{lambda(hiprandStatePhilox4_32_10*)#2}, at::native::(anonymous namespace)::distribution_nullary_kernel<c10::Half, float, HIP_vector_type<float, 4u>, at::CUDAGeneratorImpl*, at::native::templates::cuda::normal_and_transform<c10::Half, float, at::CUDAGeneratorImpl*, at::native::templates::cuda::normal_kernel<at::CUDAGeneratorImpl*>(at::TensorBase const&, double, double, at::CUDAGeneratorImpl*)::{lambda()#1}::operator()() const::{lambda()#3}::operator()() const::{lambda(float)#1}>(at::TensorIteratorBase&, at::CUDAGeneratorImpl*, at::native::templates::cuda::normal_kernel<at::CUDAGeneratorImpl*>(at::TensorBase const&, double, double, at::CUDAGeneratorImpl*)::{lambda()#1}::operator()() const::{lambda()#3}::operator()() const::{lambda(float)#1})::{lambda(hiprandStatePhilox4_32_10*)#2}, at::native::templates::cuda::normal_kernel<at::CUDAGeneratorImpl*>(at::TensorBase const&, double, double, at::CUDAGeneratorImpl*)::{lambda()#1}::operator()() const::{lambda()#3}::operator()() const::{lambda(float)#1}>(at::TensorIteratorBase&, at::CUDAGeneratorImpl*, at::native::templates::cuda::normal_and_transform<c10::Half, float, at::CUDAGeneratorImpl*, at::native::templates::cuda::normal_kernel<at::CUDAGeneratorImpl*>(at::TensorBase const&, double, double, at::CUDAGeneratorImpl*)::{lambda()#1}::operator()() const::{lambda()#3}::operator()() const::{lambda(float)#1}>(at::TensorIteratorBase&, at::CUDAGeneratorImpl*, at::native::templates::cuda::normal_kernel<at::CUDAGeneratorImpl*>(at::TensorBase const&, double, double, at::CUDAGeneratorImpl*)::{lambda()#1}::operator()() const::{lambda()#3}::operator()() const::{lambda(float)#1})::{lambda(hiprandStatePhilox4_32_10*)#2} const&, at::native::templates::cuda::normal_kernel<at::CUDAGeneratorImpl*>(at::TensorBase const&, double, double, at::CUDAGeneratorImpl*)::{lambda()#1}::operator()() const::{lambda()#3}::operator()() const::{lambda(float)#1})::{lambda(int, float)#1})",9,700762256488898,700762256494150,0,0,256,1,1,32768,1,1
"KERNEL_DISPATCH",8,1,176454,10,15,"void at::native::(anonymous namespace)::distribution_elementwise_grid_stride_kernel<float, 4, at::native::templates::cuda::normal_and_transform<c10::Half, float, at::CUDAGeneratorImpl*, at::native::templates::cuda::normal_kernel<at::CUDAGeneratorImpl*>(at::TensorBase const&, double, double, at::CUDAGeneratorImpl*)::{lambda()#1}::operator()() const::{lambda()#3}::operator()() const::{lambda(float)#1}>(at::TensorIteratorBase&, at::CUDAGeneratorImpl*, at::native::templates::cuda::normal_kernel<at::CUDAGeneratorImpl*>(at::TensorBase const&, double, double, at::CUDAGeneratorImpl*)::{lambda()#1}::operator()() const::{lambda()#3}::operator()() const::{lambda(float)#1})::{lambda(hiprandStatePhilox4_32_10*)#2}, at::native::(anonymous namespace)::distribution_nullary_kernel<c10::Half, float, HIP_vector_type<float, 4u>, at::CUDAGeneratorImpl*, at::native::templates::cuda::normal_and_transform<c10::Half, float, at::CUDAGeneratorImpl*, at::native::templates::cuda::normal_kernel<at::CUDAGeneratorImpl*>(at::TensorBase const&, double, double, at::CUDAGeneratorImpl*)::{lambda()#1}::operator()() const::{lambda()#3}::operator()() const::{lambda(float)#1}>(at::TensorIteratorBase&, at::CUDAGeneratorImpl*, at::native::templates::cuda::normal_kernel<at::CUDAGeneratorImpl*>(at::TensorBase const&, double, double, at::CUDAGeneratorImpl*)::{lambda()#1}::operator()() const::{lambda()#3}::operator()() const::{lambda(float)#1})::{lambda(hiprandStatePhilox4_32_10*)#2}, at::native::templates::cuda::normal_kernel<at::CUDAGeneratorImpl*>(at::TensorBase const&, double, double, at::CUDAGeneratorImpl*)::{lambda()#1}::operator()() const::{lambda()#3}::operator()() const::{lambda(float)#1}>(at::TensorIteratorBase&, at::CUDAGeneratorImpl*, at::native::templates::cuda::normal_and_transform<c10::Half, float, at::CUDAGeneratorImpl*, at::native::templates::cuda::normal_kernel<at::CUDAGeneratorImpl*>(at::TensorBase const&, double, double, at::CUDAGeneratorImpl*)::{lambda()#1}::operator()() const::{lambda()#3}::operator()() const::{lambda(float)#1}>(at::TensorIteratorBase&, at::CUDAGeneratorImpl*, at::native::templates::cuda::normal_kernel<at::CUDAGeneratorImpl*>(at::TensorBase const&, double, double, at::CUDAGeneratorImpl*)::{lambda()#1}::operator()() const::{lambda()#3}::operator()() const::{lambda(float)#1})::{lambda(hiprandStatePhilox4_32_10*)#2} const&, at::native::templates::cuda::normal_kernel<at::CUDAGeneratorImpl*>(at::TensorBase const&, double, double, at::CUDAGeneratorImpl*)::{lambda()#1}::operator()() const::{lambda()#3}::operator()() const::{lambda(float)#1})::{lambda(int, float)#1}>(long, at::PhiloxCudaState, at::native::templates::cuda::normal_and_transform<c10::Half, float, at::CUDAGeneratorImpl*, at::native::templates::cuda::normal_kernel<at::CUDAGeneratorImpl*>(at::TensorBase const&, double, double, at::CUDAGeneratorImpl*)::{lambda()#1}::operator()() const::{lambda()#3}::operator()() const::{lambda(float)#1}>(at::TensorIteratorBase&, at::CUDAGeneratorImpl*, at::native::templates::cuda::normal_kernel<at::CUDAGeneratorImpl*>(at::TensorBase const&, double, double, at::CUDAGeneratorImpl*)::{lambda()#1}::operator()() const::{lambda()#3}::operator()() const::{lambda(float)#1})::{lambda(hiprandStatePhilox4_32_10*)#2}, at::native::(anonymous namespace)::distribution_nullary_kernel<c10::Half, float, HIP_vector_type<float, 4u>, at::CUDAGeneratorImpl*, at::native::templates::cuda::normal_and_transform<c10::Half, float, at::CUDAGeneratorImpl*, at::native::templates::cuda::normal_kernel<at::CUDAGeneratorImpl*>(at::TensorBase const&, double, double, at::CUDAGeneratorImpl*)::{lambda()#1}::operator()() const::{lambda()#3}::operator()() const::{lambda(float)#1}>(at::TensorIteratorBase&, at::CUDAGeneratorImpl*, at::native::templates::cuda::normal_kernel<at::CUDAGeneratorImpl*>(at::TensorBase const&, double, double, at::CUDAGeneratorImpl*)::{lambda()#1}::operator()() const::{lambda()#3}::operator()() const::{lambda(float)#1})::{lambda(hiprandStatePhilox4_32_10*)#2}, at::native::templates::cuda::normal_kernel<at::CUDAGeneratorImpl*>(at::TensorBase const&, double, double, at::CUDAGeneratorImpl*)::{lambda()#1}::operator()() const::{lambda()#3}::operator()() const::{lambda(float)#1}>(at::TensorIteratorBase&, at::CUDAGeneratorImpl*, at::native::templates::cuda::normal_and_transform<c10::Half, float, at::CUDAGeneratorImpl*, at::native::templates::cuda::normal_kernel<at::CUDAGeneratorImpl*>(at::TensorBase const&, double, double, at::CUDAGeneratorImpl*)::{lambda()#1}::operator()() const::{lambda()#3}::operator()() const::{lambda(float)#1}>(at::TensorIteratorBase&, at::CUDAGeneratorImpl*, at::native::templates::cuda::normal_kernel<at::CUDAGeneratorImpl*>(at::TensorBase const&, double, double, at::CUDAGeneratorImpl*)::{lambda()#1}::operator()() const::{lambda()#3}::operator()() const::{lambda(float)#1})::{lambda(hiprandStatePhilox4_32_10*)#2} const&, at::native::templates::cuda::normal_kernel<at::CUDAGeneratorImpl*>(at::TensorBase const&, double, double, at::CUDAGeneratorImpl*)::{lambda()#1}::operator()() const::{lambda()#3}::operator()() const::{lambda(float)#1})::{lambda(int, float)#1})",10,700762256494150,700762256499202,0,0,256,1,1,1024,1,1
"KERNEL_DISPATCH",8,1,176454,11,15,"void at::native::(anonymous namespace)::distribution_elementwise_grid_stride_kernel<float, 4, at::native::templates::cuda::normal_and_transform<c10::Half, float, at::CUDAGeneratorImpl*, at::native::templates::cuda::normal_kernel<at::CUDAGeneratorImpl*>(at::TensorBase const&, double, double, at::CUDAGeneratorImpl*)::{lambda()#1}::operator()() const::{lambda()#3}::operator()() const::{lambda(float)#1}>(at::TensorIteratorBase&, at::CUDAGeneratorImpl*, at::native::templates::cuda::normal_kernel<at::CUDAGeneratorImpl*>(at::TensorBase const&, double, double, at::CUDAGeneratorImpl*)::{lambda()#1}::operator()() const::{lambda()#3}::operator()() const::{lambda(float)#1})::{lambda(hiprandStatePhilox4_32_10*)#2}, at::native::(anonymous namespace)::distribution_nullary_kernel<c10::Half, float, HIP_vector_type<float, 4u>, at::CUDAGeneratorImpl*, at::native::templates::cuda::normal_and_transform<c10::Half, float, at::CUDAGeneratorImpl*, at::native::templates::cuda::normal_kernel<at::CUDAGeneratorImpl*>(at::TensorBase const&, double, double, at::CUDAGeneratorImpl*)::{lambda()#1}::operator()() const::{lambda()#3}::operator()() const::{lambda(float)#1}>(at::TensorIteratorBase&, at::CUDAGeneratorImpl*, at::native::templates::cuda::normal_kernel<at::CUDAGeneratorImpl*>(at::TensorBase const&, double, double, at::CUDAGeneratorImpl*)::{lambda()#1}::operator()() const::{lambda()#3}::operator()() const::{lambda(float)#1})::{lambda(hiprandStatePhilox4_32_10*)#2}, at::native::templates::cuda::normal_kernel<at::CUDAGeneratorImpl*>(at::TensorBase const&, double, double, at::CUDAGeneratorImpl*)::{lambda()#1}::operator()() const::{lambda()#3}::operator()() const::{lambda(float)#1}>(at::TensorIteratorBase&, at::CUDAGeneratorImpl*, at::native::templates::cuda::normal_and_transform<c10::Half, float, at::CUDAGeneratorImpl*, at::native::templates::cuda::normal_kernel<at::CUDAGeneratorImpl*>(at::TensorBase const&, double, double, at::CUDAGeneratorImpl*)::{lambda()#1}::operator()() const::{lambda()#3}::operator()() const::{lambda(float)#1}>(at::TensorIteratorBase&, at::CUDAGeneratorImpl*, at::native::templates::cuda::normal_kernel<at::CUDAGeneratorImpl*>(at::TensorBase const&, double, double, at::CUDAGeneratorImpl*)::{lambda()#1}::operator()() const::{lambda()#3}::operator()() const::{lambda(float)#1})::{lambda(hiprandStatePhilox4_32_10*)#2} const&, at::native::templates::cuda::normal_kernel<at::CUDAGeneratorImpl*>(at::TensorBase const&, double, double, at::CUDAGeneratorImpl*)::{lambda()#1}::operator()() const::{lambda()#3}::operator()() const::{lambda(float)#1})::{lambda(int, float)#1}>(long, at::PhiloxCudaState, at::native::templates::cuda::normal_and_transform<c10::Half, float, at::CUDAGeneratorImpl*, at::native::templates::cuda::normal_kernel<at::CUDAGeneratorImpl*>(at::TensorBase const&, double, double, at::CUDAGeneratorImpl*)::{lambda()#1}::operator()() const::{lambda()#3}::operator()() const::{lambda(float)#1}>(at::TensorIteratorBase&, at::CUDAGeneratorImpl*, at::native::templates::cuda::normal_kernel<at::CUDAGeneratorImpl*>(at::TensorBase const&, double, double, at::CUDAGeneratorImpl*)::{lambda()#1}::operator()() const::{lambda()#3}::operator()() const::{lambda(float)#1})::{lambda(hiprandStatePhilox4_32_10*)#2}, at::native::(anonymous namespace)::distribution_nullary_kernel<c10::Half, float, HIP_vector_type<float, 4u>, at::CUDAGeneratorImpl*, at::native::templates::cuda::normal_and_transform<c10::Half, float, at::CUDAGeneratorImpl*, at::native::templates::cuda::normal_kernel<at::CUDAGeneratorImpl*>(at::TensorBase const&, double, double, at::CUDAGeneratorImpl*)::{lambda()#1}::operator()() const::{lambda()#3}::operator()() const::{lambda(float)#1}>(at::TensorIteratorBase&, at::CUDAGeneratorImpl*, at::native::templates::cuda::normal_kernel<at::CUDAGeneratorImpl*>(at::TensorBase const&, double, double, at::CUDAGeneratorImpl*)::{lambda()#1}::operator()() const::{lambda()#3}::operator()() const::{lambda(float)#1})::{lambda(hiprandStatePhilox4_32_10*)#2}, at::native::templates::cuda::normal_kernel<at::CUDAGeneratorImpl*>(at::TensorBase const&, double, double, at::CUDAGeneratorImpl*)::{lambda()#1}::operator()() const::{lambda()#3}::operator()() const::{lambda(float)#1}>(at::TensorIteratorBase&, at::CUDAGeneratorImpl*, at::native::templates::cuda::normal_and_transform<c10::Half, float, at::CUDAGeneratorImpl*, at::native::templates::cuda::normal_kernel<at::CUDAGeneratorImpl*>(at::TensorBase const&, double, double, at::CUDAGeneratorImpl*)::{lambda()#1}::operator()() const::{lambda()#3}::operator()() const::{lambda(float)#1}>(at::TensorIteratorBase&, at::CUDAGeneratorImpl*, at::native::templates::cuda::normal_kernel<at::CUDAGeneratorImpl*>(at::TensorBase const&, double, double, at::CUDAGeneratorImpl*)::{lambda()#1}::operator()() const::{lambda()#3}::operator()() const::{lambda(float)#1})::{lambda(hiprandStatePhilox4_32_10*)#2} const&, at::native::templates::cuda::normal_kernel<at::CUDAGeneratorImpl*>(at::TensorBase const&, double, double, at::CUDAGeneratorImpl*)::{lambda()#1}::operator()() const::{lambda()#3}::operator()() const::{lambda(float)#1})::{lambda(int, float)#1})",11,700762256499202,700762256504975,0,0,256,1,1,524288,1,1
"KERNEL_DISPATCH",8,1,176454,12,15,"void at::native::(anonymous namespace)::distribution_elementwise_grid_stride_kernel<float, 4, at::native::templates::cuda::normal_and_transform<c10::Half, float, at::CUDAGeneratorImpl*, at::native::templates::cuda::normal_kernel<at::CUDAGeneratorImpl*>(at::TensorBase const&, double, double, at::CUDAGeneratorImpl*)::{lambda()#1}::operator()() const::{lambda()#3}::operator()() const::{lambda(float)#1}>(at::TensorIteratorBase&, at::CUDAGeneratorImpl*, at::native::templates::cuda::normal_kernel<at::CUDAGeneratorImpl*>(at::TensorBase const&, double, double, at::CUDAGeneratorImpl*)::{lambda()#1}::operator()() const::{lambda()#3}::operator()() const::{lambda(float)#1})::{lambda(hiprandStatePhilox4_32_10*)#2}, at::native::(anonymous namespace)::distribution_nullary_kernel<c10::Half, float, HIP_vector_type<float, 4u>, at::CUDAGeneratorImpl*, at::native::templates::cuda::normal_and_transform<c10::Half, float, at::CUDAGeneratorImpl*, at::native::templates::cuda::normal_kernel<at::CUDAGeneratorImpl*>(at::TensorBase const&, double, double, at::CUDAGeneratorImpl*)::{lambda()#1}::operator()() const::{lambda()#3}::operator()() const::{lambda(float)#1}>(at::TensorIteratorBase&, at::CUDAGeneratorImpl*, at::native::templates::cuda::normal_kernel<at::CUDAGeneratorImpl*>(at::TensorBase const&, double, double, at::CUDAGeneratorImpl*)::{lambda()#1}::operator()() const::{lambda()#3}::operator()() const::{lambda(float)#1})::{lambda(hiprandStatePhilox4_32_10*)#2}, at::native::templates::cuda::normal_kernel<at::CUDAGeneratorImpl*>(at::TensorBase const&, double, double, at::CUDAGeneratorImpl*)::{lambda()#1}::operator()() const::{lambda()#3}::operator()() const::{lambda(float)#1}>(at::TensorIteratorBase&, at::CUDAGeneratorImpl*, at::native::templates::cuda::normal_and_transform<c10::Half, float, at::CUDAGeneratorImpl*, at::native::templates::cuda::normal_kernel<at::CUDAGeneratorImpl*>(at::TensorBase const&, double, double, at::CUDAGeneratorImpl*)::{lambda()#1}::operator()() const::{lambda()#3}::operator()() const::{lambda(float)#1}>(at::TensorIteratorBase&, at::CUDAGeneratorImpl*, at::native::templates::cuda::normal_kernel<at::CUDAGeneratorImpl*>(at::TensorBase const&, double, double, at::CUDAGeneratorImpl*)::{lambda()#1}::operator()() const::{lambda()#3}::operator()() const::{lambda(float)#1})::{lambda(hiprandStatePhilox4_32_10*)#2} const&, at::native::templates::cuda::normal_kernel<at::CUDAGeneratorImpl*>(at::TensorBase const&, double, double, at::CUDAGeneratorImpl*)::{lambda()#1}::operator()() const::{lambda()#3}::operator()() const::{lambda(float)#1})::{lambda(int, float)#1}>(long, at::PhiloxCudaState, at::native::templates::cuda::normal_and_transform<c10::Half, float, at::CUDAGeneratorImpl*, at::native::templates::cuda::normal_kernel<at::CUDAGeneratorImpl*>(at::TensorBase const&, double, double, at::CUDAGeneratorImpl*)::{lambda()#1}::operator()() const::{lambda()#3}::operator()() const::{lambda(float)#1}>(at::TensorIteratorBase&, at::CUDAGeneratorImpl*, at::native::templates::cuda::normal_kernel<at::CUDAGeneratorImpl*>(at::TensorBase const&, double, double, at::CUDAGeneratorImpl*)::{lambda()#1}::operator()() const::{lambda()#3}::operator()() const::{lambda(float)#1})::{lambda(hiprandStatePhilox4_32_10*)#2}, at::native::(anonymous namespace)::distribution_nullary_kernel<c10::Half, float, HIP_vector_type<float, 4u>, at::CUDAGeneratorImpl*, at::native::templates::cuda::normal_and_transform<c10::Half, float, at::CUDAGeneratorImpl*, at::native::templates::cuda::normal_kernel<at::CUDAGeneratorImpl*>(at::TensorBase const&, double, double, at::CUDAGeneratorImpl*)::{lambda()#1}::operator()() const::{lambda()#3}::operator()() const::{lambda(float)#1}>(at::TensorIteratorBase&, at::CUDAGeneratorImpl*, at::native::templates::cuda::normal_kernel<at::CUDAGeneratorImpl*>(at::TensorBase const&, double, double, at::CUDAGeneratorImpl*)::{lambda()#1}::operator()() const::{lambda()#3}::operator()() const::{lambda(float)#1})::{lambda(hiprandStatePhilox4_32_10*)#2}, at::native::templates::cuda::normal_kernel<at::CUDAGeneratorImpl*>(at::TensorBase const&, double, double, at::CUDAGeneratorImpl*)::{lambda()#1}::operator()() const::{lambda()#3}::operator()() const::{lambda(float)#1}>(at::TensorIteratorBase&, at::CUDAGeneratorImpl*, at::native::templates::cuda::normal_and_transform<c10::Half, float, at::CUDAGeneratorImpl*, at::native::templates::cuda::normal_kernel<at::CUDAGeneratorImpl*>(at::TensorBase const&, double, double, at::CUDAGeneratorImpl*)::{lambda()#1}::operator()() const::{lambda()#3}::operator()() const::{lambda(float)#1}>(at::TensorIteratorBase&, at::CUDAGeneratorImpl*, at::native::templates::cuda::normal_kernel<at::CUDAGeneratorImpl*>(at::TensorBase const&, double, double, at::CUDAGeneratorImpl*)::{lambda()#1}::operator()() const::{lambda()#3}::operator()() const::{lambda(float)#1})::{lambda(hiprandStatePhilox4_32_10*)#2} const&, at::native::templates::cuda::normal_kernel<at::CUDAGeneratorImpl*>(at::TensorBase const&, double, double, at::CUDAGeneratorImpl*)::{lambda()#1}::operator()() const::{lambda()#3}::operator()() const::{lambda(float)#1})::{lambda(int, float)#1})",12,700762256524299,700762256530874,0,0,256,1,1,524288,1,1
"KERNEL_DISPATCH",8,1,176454,13,15,"void at::native::(anonymous namespace)::distribution_elementwise_grid_stride_kernel<float, 4, at::native::templates::cuda::normal_and_transform<c10::Half, float, at::CUDAGeneratorImpl*, at::native::templates::cuda::normal_kernel<at::CUDAGeneratorImpl*>(at::TensorBase const&, double, double, at::CUDAGeneratorImpl*)::{lambda()#1}::operator()() const::{lambda()#3}::operator()() const::{lambda(float)#1}>(at::TensorIteratorBase&, at::CUDAGeneratorImpl*, at::native::templates::cuda::normal_kernel<at::CUDAGeneratorImpl*>(at::TensorBase const&, double, double, at::CUDAGeneratorImpl*)::{lambda()#1}::operator()() const::{lambda()#3}::operator()() const::{lambda(float)#1})::{lambda(hiprandStatePhilox4_32_10*)#2}, at::native::(anonymous namespace)::distribution_nullary_kernel<c10::Half, float, HIP_vector_type<float, 4u>, at::CUDAGeneratorImpl*, at::native::templates::cuda::normal_and_transform<c10::Half, float, at::CUDAGeneratorImpl*, at::native::templates::cuda::normal_kernel<at::CUDAGeneratorImpl*>(at::TensorBase const&, double, double, at::CUDAGeneratorImpl*)::{lambda()#1}::operator()() const::{lambda()#3}::operator()() const::{lambda(float)#1}>(at::TensorIteratorBase&, at::CUDAGeneratorImpl*, at::native::templates::cuda::normal_kernel<at::CUDAGeneratorImpl*>(at::TensorBase const&, double, double, at::CUDAGeneratorImpl*)::{lambda()#1}::operator()() const::{lambda()#3}::operator()() const::{lambda(float)#1})::{lambda(hiprandStatePhilox4_32_10*)#2}, at::native::templates::cuda::normal_kernel<at::CUDAGeneratorImpl*>(at::TensorBase const&, double, double, at::CUDAGeneratorImpl*)::{lambda()#1}::operator()() const::{lambda()#3}::operator()() const::{lambda(float)#1}>(at::TensorIteratorBase&, at::CUDAGeneratorImpl*, at::native::templates::cuda::normal_and_transform<c10::Half, float, at::CUDAGeneratorImpl*, at::native::templates::cuda::normal_kernel<at::CUDAGeneratorImpl*>(at::TensorBase const&, double, double, at::CUDAGeneratorImpl*)::{lambda()#1}::operator()() const::{lambda()#3}::operator()() const::{lambda(float)#1}>(at::TensorIteratorBase&, at::CUDAGeneratorImpl*, at::native::templates::cuda::normal_kernel<at::CUDAGeneratorImpl*>(at::TensorBase const&, double, double, at::CUDAGeneratorImpl*)::{lambda()#1}::operator()() const::{lambda()#3}::operator()() const::{lambda(float)#1})::{lambda(hiprandStatePhilox4_32_10*)#2} const&, at::native::templates::cuda::normal_kernel<at::CUDAGeneratorImpl*>(at::TensorBase const&, double, double, at::CUDAGeneratorImpl*)::{lambda()#1}::operator()() const::{lambda()#3}::operator()() const::{lambda(float)#1})::{lambda(int, float)#1}>(long, at::PhiloxCudaState, at::native::templates::cuda::normal_and_transform<c10::Half, float, at::CUDAGeneratorImpl*, at::native::templates::cuda::normal_kernel<at::CUDAGeneratorImpl*>(at::TensorBase const&, double, double, at::CUDAGeneratorImpl*)::{lambda()#1}::operator()() const::{lambda()#3}::operator()() const::{lambda(float)#1}>(at::TensorIteratorBase&, at::CUDAGeneratorImpl*, at::native::templates::cuda::normal_kernel<at::CUDAGeneratorImpl*>(at::TensorBase const&, double, double, at::CUDAGeneratorImpl*)::{lambda()#1}::operator()() const::{lambda()#3}::operator()() const::{lambda(float)#1})::{lambda(hiprandStatePhilox4_32_10*)#2}, at::native::(anonymous namespace)::distribution_nullary_kernel<c10::Half, float, HIP_vector_type<float, 4u>, at::CUDAGeneratorImpl*, at::native::templates::cuda::normal_and_transform<c10::Half, float, at::CUDAGeneratorImpl*, at::native::templates::cuda::normal_kernel<at::CUDAGeneratorImpl*>(at::TensorBase const&, double, double, at::CUDAGeneratorImpl*)::{lambda()#1}::operator()() const::{lambda()#3}::operator()() const::{lambda(float)#1}>(at::TensorIteratorBase&, at::CUDAGeneratorImpl*, at::native::templates::cuda::normal_kernel<at::CUDAGeneratorImpl*>(at::TensorBase const&, double, double, at::CUDAGeneratorImpl*)::{lambda()#1}::operator()() const::{lambda()#3}::operator()() const::{lambda(float)#1})::{lambda(hiprandStatePhilox4_32_10*)#2}, at::native::templates::cuda::normal_kernel<at::CUDAGeneratorImpl*>(at::TensorBase const&, double, double, at::CUDAGeneratorImpl*)::{lambda()#1}::operator()() const::{lambda()#3}::operator()() const::{lambda(float)#1}>(at::TensorIteratorBase&, at::CUDAGeneratorImpl*, at::native::templates::cuda::normal_and_transform<c10::Half, float, at::CUDAGeneratorImpl*, at::native::templates::cuda::normal_kernel<at::CUDAGeneratorImpl*>(at::TensorBase const&, double, double, at::CUDAGeneratorImpl*)::{lambda()#1}::operator()() const::{lambda()#3}::operator()() const::{lambda(float)#1}>(at::TensorIteratorBase&, at::CUDAGeneratorImpl*, at::native::templates::cuda::normal_kernel<at::CUDAGeneratorImpl*>(at::TensorBase const&, double, double, at::CUDAGeneratorImpl*)::{lambda()#1}::operator()() const::{lambda()#3}::operator()() const::{lambda(float)#1})::{lambda(hiprandStatePhilox4_32_10*)#2} const&, at::native::templates::cuda::normal_kernel<at::CUDAGeneratorImpl*>(at::TensorBase const&, double, double, at::CUDAGeneratorImpl*)::{lambda()#1}::operator()() const::{lambda()#3}::operator()() const::{lambda(float)#1})::{lambda(int, float)#1})",13,700762256554929,700762256596825,0,0,256,1,1,622592,1,1
"KERNEL_DISPATCH",8,1,176454,14,15,"void at::native::(anonymous namespace)::distribution_elementwise_grid_stride_kernel<float, 4, at::native::templates::cuda::normal_and_transform<c10::Half, float, at::CUDAGeneratorImpl*, at::native::templates::cuda::normal_kernel<at::CUDAGeneratorImpl*>(at::TensorBase const&, double, double, at::CUDAGeneratorImpl*)::{lambda()#1}::operator()() const::{lambda()#3}::operator()() const::{lambda(float)#1}>(at::TensorIteratorBase&, at::CUDAGeneratorImpl*, at::native::templates::cuda::normal_kernel<at::CUDAGeneratorImpl*>(at::TensorBase const&, double, double, at::CUDAGeneratorImpl*)::{lambda()#1}::operator()() const::{lambda()#3}::operator()() const::{lambda(float)#1})::{lambda(hiprandStatePhilox4_32_10*)#2}, at::native::(anonymous namespace)::distribution_nullary_kernel<c10::Half, float, HIP_vector_type<float, 4u>, at::CUDAGeneratorImpl*, at::native::templates::cuda::normal_and_transform<c10::Half, float, at::CUDAGeneratorImpl*, at::native::templates::cuda::normal_kernel<at::CUDAGeneratorImpl*>(at::TensorBase const&, double, double, at::CUDAGeneratorImpl*)::{lambda()#1}::operator()() const::{lambda()#3}::operator()() const::{lambda(float)#1}>(at::TensorIteratorBase&, at::CUDAGeneratorImpl*, at::native::templates::cuda::normal_kernel<at::CUDAGeneratorImpl*>(at::TensorBase const&, double, double, at::CUDAGeneratorImpl*)::{lambda()#1}::operator()() const::{lambda()#3}::operator()() const::{lambda(float)#1})::{lambda(hiprandStatePhilox4_32_10*)#2}, at::native::templates::cuda::normal_kernel<at::CUDAGeneratorImpl*>(at::TensorBase const&, double, double, at::CUDAGeneratorImpl*)::{lambda()#1}::operator()() const::{lambda()#3}::operator()() const::{lambda(float)#1}>(at::TensorIteratorBase&, at::CUDAGeneratorImpl*, at::native::templates::cuda::normal_and_transform<c10::Half, float, at::CUDAGeneratorImpl*, at::native::templates::cuda::normal_kernel<at::CUDAGeneratorImpl*>(at::TensorBase const&, double, double, at::CUDAGeneratorImpl*)::{lambda()#1}::operator()() const::{lambda()#3}::operator()() const::{lambda(float)#1}>(at::TensorIteratorBase&, at::CUDAGeneratorImpl*, at::native::templates::cuda::normal_kernel<at::CUDAGeneratorImpl*>(at::TensorBase const&, double, double, at::CUDAGeneratorImpl*)::{lambda()#1}::operator()() const::{lambda()#3}::operator()() const::{lambda(float)#1})::{lambda(hiprandStatePhilox4_32_10*)#2} const&, at::native::templates::cuda::normal_kernel<at::CUDAGeneratorImpl*>(at::TensorBase const&, double, double, at::CUDAGeneratorImpl*)::{lambda()#1}::operator()() const::{lambda()#3}::operator()() const::{lambda(float)#1})::{lambda(int, float)#1}>(long, at::PhiloxCudaState, at::native::templates::cuda::normal_and_transform<c10::Half, float, at::CUDAGeneratorImpl*, at::native::templates::cuda::normal_kernel<at::CUDAGeneratorImpl*>(at::TensorBase const&, double, double, at::CUDAGeneratorImpl*)::{lambda()#1}::operator()() const::{lambda()#3}::operator()() const::{lambda(float)#1}>(at::TensorIteratorBase&, at::CUDAGeneratorImpl*, at::native::templates::cuda::normal_kernel<at::CUDAGeneratorImpl*>(at::TensorBase const&, double, double, at::CUDAGeneratorImpl*)::{lambda()#1}::operator()() const::{lambda()#3}::operator()() const::{lambda(float)#1})::{lambda(hiprandStatePhilox4_32_10*)#2}, at::native::(anonymous namespace)::distribution_nullary_kernel<c10::Half, float, HIP_vector_type<float, 4u>, at::CUDAGeneratorImpl*, at::native::templates::cuda::normal_and_transform<c10::Half, float, at::CUDAGeneratorImpl*, at::native::templates::cuda::normal_kernel<at::CUDAGeneratorImpl*>(at::TensorBase const&, double, double, at::CUDAGeneratorImpl*)::{lambda()#1}::operator()() const::{lambda()#3}::operator()() const::{lambda(float)#1}>(at::TensorIteratorBase&, at::CUDAGeneratorImpl*, at::native::templates::cuda::normal_kernel<at::CUDAGeneratorImpl*>(at::TensorBase const&, double, double, at::CUDAGeneratorImpl*)::{lambda()#1}::operator()() const::{lambda()#3}::operator()() const::{lambda(float)#1})::{lambda(hiprandStatePhilox4_32_10*)#2}, at::native::templates::cuda::normal_kernel<at::CUDAGeneratorImpl*>(at::TensorBase const&, double, double, at::CUDAGeneratorImpl*)::{lambda()#1}::operator()() const::{lambda()#3}::operator()() const::{lambda(float)#1}>(at::TensorIteratorBase&, at::CUDAGeneratorImpl*, at::native::templates::cuda::normal_and_transform<c10::Half, float, at::CUDAGeneratorImpl*, at::native::templates::cuda::normal_kernel<at::CUDAGeneratorImpl*>(at::TensorBase const&, double, double, at::CUDAGeneratorImpl*)::{lambda()#1}::operator()() const::{lambda()#3}::operator()() const::{lambda(float)#1}>(at::TensorIteratorBase&, at::CUDAGeneratorImpl*, at::native::templates::cuda::normal_kernel<at::CUDAGeneratorImpl*>(at::TensorBase const&, double, double, at::CUDAGeneratorImpl*)::{lambda()#1}::operator()() const::{lambda()#3}::operator()() const::{lambda(float)#1})::{lambda(hiprandStatePhilox4_32_10*)#2} const&, at::native::templates::cuda::normal_kernel<at::CUDAGeneratorImpl*>(at::TensorBase const&, double, double, at::CUDAGeneratorImpl*)::{lambda()#1}::operator()() const::{lambda()#3}::operator()() const::{lambda(float)#1})::{lambda(int, float)#1})",14,700762256601115,700762256603681,0,0,256,1,1,32768,1,1
"KERNEL_DISPATCH",8,1,176454,15,15,"void at::native::(anonymous namespace)::distribution_elementwise_grid_stride_kernel<float, 4, at::native::templates::cuda::normal_and_transform<c10::Half, float, at::CUDAGeneratorImpl*, at::native::templates::cuda::normal_kernel<at::CUDAGeneratorImpl*>(at::TensorBase const&, double, double, at::CUDAGeneratorImpl*)::{lambda()#1}::operator()() const::{lambda()#3}::operator()() const::{lambda(float)#1}>(at::TensorIteratorBase&, at::CUDAGeneratorImpl*, at::native::templates::cuda::normal_kernel<at::CUDAGeneratorImpl*>(at::TensorBase const&, double, double, at::CUDAGeneratorImpl*)::{lambda()#1}::operator()() const::{lambda()#3}::operator()() const::{lambda(float)#1})::{lambda(hiprandStatePhilox4_32_10*)#2}, at::native::(anonymous namespace)::distribution_nullary_kernel<c10::Half, float, HIP_vector_type<float, 4u>, at::CUDAGeneratorImpl*, at::native::templates::cuda::normal_and_transform<c10::Half, float, at::CUDAGeneratorImpl*, at::native::templates::cuda::normal_kernel<at::CUDAGeneratorImpl*>(at::TensorBase const&, double, double, at::CUDAGeneratorImpl*)::{lambda()#1}::operator()() const::{lambda()#3}::operator()() const::{lambda(float)#1}>(at::TensorIteratorBase&, at::CUDAGeneratorImpl*, at::native::templates::cuda::normal_kernel<at::CUDAGeneratorImpl*>(at::TensorBase const&, double, double, at::CUDAGeneratorImpl*)::{lambda()#1}::operator()() const::{lambda()#3}::operator()() const::{lambda(float)#1})::{lambda(hiprandStatePhilox4_32_10*)#2}, at::native::templates::cuda::normal_kernel<at::CUDAGeneratorImpl*>(at::TensorBase const&, double, double, at::CUDAGeneratorImpl*)::{lambda()#1}::operator()() const::{lambda()#3}::operator()() const::{lambda(float)#1}>(at::TensorIteratorBase&, at::CUDAGeneratorImpl*, at::native::templates::cuda::normal_and_transform<c10::Half, float, at::CUDAGeneratorImpl*, at::native::templates::cuda::normal_kernel<at::CUDAGeneratorImpl*>(at::TensorBase const&, double, double, at::CUDAGeneratorImpl*)::{lambda()#1}::operator()() const::{lambda()#3}::operator()() const::{lambda(float)#1}>(at::TensorIteratorBase&, at::CUDAGeneratorImpl*, at::native::templates::cuda::normal_kernel<at::CUDAGeneratorImpl*>(at::TensorBase const&, double, double, at::CUDAGeneratorImpl*)::{lambda()#1}::operator()() const::{lambda()#3}::operator()() const::{lambda(float)#1})::{lambda(hiprandStatePhilox4_32_10*)#2} const&, at::native::templates::cuda::normal_kernel<at::CUDAGeneratorImpl*>(at::TensorBase const&, double, double, at::CUDAGeneratorImpl*)::{lambda()#1}::operator()() const::{lambda()#3}::operator()() const::{lambda(float)#1})::{lambda(int, float)#1}>(long, at::PhiloxCudaState, at::native::templates::cuda::normal_and_transform<c10::Half, float, at::CUDAGeneratorImpl*, at::native::templates::cuda::normal_kernel<at::CUDAGeneratorImpl*>(at::TensorBase const&, double, double, at::CUDAGeneratorImpl*)::{lambda()#1}::operator()() const::{lambda()#3}::operator()() const::{lambda(float)#1}>(at::TensorIteratorBase&, at::CUDAGeneratorImpl*, at::native::templates::cuda::normal_kernel<at::CUDAGeneratorImpl*>(at::TensorBase const&, double, double, at::CUDAGeneratorImpl*)::{lambda()#1}::operator()() const::{lambda()#3}::operator()() const::{lambda(float)#1})::{lambda(hiprandStatePhilox4_32_10*)#2}, at::native::(anonymous namespace)::distribution_nullary_kernel<c10::Half, float, HIP_vector_type<float, 4u>, at::CUDAGeneratorImpl*, at::native::templates::cuda::normal_and_transform<c10::Half, float, at::CUDAGeneratorImpl*, at::native::templates::cuda::normal_kernel<at::CUDAGeneratorImpl*>(at::TensorBase const&, double, double, at::CUDAGeneratorImpl*)::{lambda()#1}::operator()() const::{lambda()#3}::operator()() const::{lambda(float)#1}>(at::TensorIteratorBase&, at::CUDAGeneratorImpl*, at::native::templates::cuda::normal_kernel<at::CUDAGeneratorImpl*>(at::TensorBase const&, double, double, at::CUDAGeneratorImpl*)::{lambda()#1}::operator()() const::{lambda()#3}::operator()() const::{lambda(float)#1})::{lambda(hiprandStatePhilox4_32_10*)#2}, at::native::templates::cuda::normal_kernel<at::CUDAGeneratorImpl*>(at::TensorBase const&, double, double, at::CUDAGeneratorImpl*)::{lambda()#1}::operator()() const::{lambda()#3}::operator()() const::{lambda(float)#1}>(at::TensorIteratorBase&, at::CUDAGeneratorImpl*, at::native::templates::cuda::normal_and_transform<c10::Half, float, at::CUDAGeneratorImpl*, at::native::templates::cuda::normal_kernel<at::CUDAGeneratorImpl*>(at::TensorBase const&, double, double, at::CUDAGeneratorImpl*)::{lambda()#1}::operator()() const::{lambda()#3}::operator()() const::{lambda(float)#1}>(at::TensorIteratorBase&, at::CUDAGeneratorImpl*, at::native::templates::cuda::normal_kernel<at::CUDAGeneratorImpl*>(at::TensorBase const&, double, double, at::CUDAGeneratorImpl*)::{lambda()#1}::operator()() const::{lambda()#3}::operator()() const::{lambda(float)#1})::{lambda(hiprandStatePhilox4_32_10*)#2} const&, at::native::templates::cuda::normal_kernel<at::CUDAGeneratorImpl*>(at::TensorBase const&, double, double, at::CUDAGeneratorImpl*)::{lambda()#1}::operator()() const::{lambda()#3}::operator()() const::{lambda(float)#1})::{lambda(int, float)#1})",15,700762256603681,700762256608933,0,0,256,1,1,32768,1,1
"KERNEL_DISPATCH",8,1,176454,16,15,"void at::native::(anonymous namespace)::distribution_elementwise_grid_stride_kernel<float, 4, at::native::templates::cuda::normal_and_transform<c10::Half, float, at::CUDAGeneratorImpl*, at::native::templates::cuda::normal_kernel<at::CUDAGeneratorImpl*>(at::TensorBase const&, double, double, at::CUDAGeneratorImpl*)::{lambda()#1}::operator()() const::{lambda()#3}::operator()() const::{lambda(float)#1}>(at::TensorIteratorBase&, at::CUDAGeneratorImpl*, at::native::templates::cuda::normal_kernel<at::CUDAGeneratorImpl*>(at::TensorBase const&, double, double, at::CUDAGeneratorImpl*)::{lambda()#1}::operator()() const::{lambda()#3}::operator()() const::{lambda(float)#1})::{lambda(hiprandStatePhilox4_32_10*)#2}, at::native::(anonymous namespace)::distribution_nullary_kernel<c10::Half, float, HIP_vector_type<float, 4u>, at::CUDAGeneratorImpl*, at::native::templates::cuda::normal_and_transform<c10::Half, float, at::CUDAGeneratorImpl*, at::native::templates::cuda::normal_kernel<at::CUDAGeneratorImpl*>(at::TensorBase const&, double, double, at::CUDAGeneratorImpl*)::{lambda()#1}::operator()() const::{lambda()#3}::operator()() const::{lambda(float)#1}>(at::TensorIteratorBase&, at::CUDAGeneratorImpl*, at::native::templates::cuda::normal_kernel<at::CUDAGeneratorImpl*>(at::TensorBase const&, double, double, at::CUDAGeneratorImpl*)::{lambda()#1}::operator()() const::{lambda()#3}::operator()() const::{lambda(float)#1})::{lambda(hiprandStatePhilox4_32_10*)#2}, at::native::templates::cuda::normal_kernel<at::CUDAGeneratorImpl*>(at::TensorBase const&, double, double, at::CUDAGeneratorImpl*)::{lambda()#1}::operator()() const::{lambda()#3}::operator()() const::{lambda(float)#1}>(at::TensorIteratorBase&, at::CUDAGeneratorImpl*, at::native::templates::cuda::normal_and_transform<c10::Half, float, at::CUDAGeneratorImpl*, at::native::templates::cuda::normal_kernel<at::CUDAGeneratorImpl*>(at::TensorBase const&, double, double, at::CUDAGeneratorImpl*)::{lambda()#1}::operator()() const::{lambda()#3}::operator()() const::{lambda(float)#1}>(at::TensorIteratorBase&, at::CUDAGeneratorImpl*, at::native::templates::cuda::normal_kernel<at::CUDAGeneratorImpl*>(at::TensorBase const&, double, double, at::CUDAGeneratorImpl*)::{lambda()#1}::operator()() const::{lambda()#3}::operator()() const::{lambda(float)#1})::{lambda(hiprandStatePhilox4_32_10*)#2} const&, at::native::templates::cuda::normal_kernel<at::CUDAGeneratorImpl*>(at::TensorBase const&, double, double, at::CUDAGeneratorImpl*)::{lambda()#1}::operator()() const::{lambda()#3}::operator()() const::{lambda(float)#1})::{lambda(int, float)#1}>(long, at::PhiloxCudaState, at::native::templates::cuda::normal_and_transform<c10::Half, float, at::CUDAGeneratorImpl*, at::native::templates::cuda::normal_kernel<at::CUDAGeneratorImpl*>(at::TensorBase const&, double, double, at::CUDAGeneratorImpl*)::{lambda()#1}::operator()() const::{lambda()#3}::operator()() const::{lambda(float)#1}>(at::TensorIteratorBase&, at::CUDAGeneratorImpl*, at::native::templates::cuda::normal_kernel<at::CUDAGeneratorImpl*>(at::TensorBase const&, double, double, at::CUDAGeneratorImpl*)::{lambda()#1}::operator()() const::{lambda()#3}::operator()() const::{lambda(float)#1})::{lambda(hiprandStatePhilox4_32_10*)#2}, at::native::(anonymous namespace)::distribution_nullary_kernel<c10::Half, float, HIP_vector_type<float, 4u>, at::CUDAGeneratorImpl*, at::native::templates::cuda::normal_and_transform<c10::Half, float, at::CUDAGeneratorImpl*, at::native::templates::cuda::normal_kernel<at::CUDAGeneratorImpl*>(at::TensorBase const&, double, double, at::CUDAGeneratorImpl*)::{lambda()#1}::operator()() const::{lambda()#3}::operator()() const::{lambda(float)#1}>(at::TensorIteratorBase&, at::CUDAGeneratorImpl*, at::native::templates::cuda::normal_kernel<at::CUDAGeneratorImpl*>(at::TensorBase const&, double, double, at::CUDAGeneratorImpl*)::{lambda()#1}::operator()() const::{lambda()#3}::operator()() const::{lambda(float)#1})::{lambda(hiprandStatePhilox4_32_10*)#2}, at::native::templates::cuda::normal_kernel<at::CUDAGeneratorImpl*>(at::TensorBase const&, double, double, at::CUDAGeneratorImpl*)::{lambda()#1}::operator()() const::{lambda()#3}::operator()() const::{lambda(float)#1}>(at::TensorIteratorBase&, at::CUDAGeneratorImpl*, at::native::templates::cuda::normal_and_transform<c10::Half, float, at::CUDAGeneratorImpl*, at::native::templates::cuda::normal_kernel<at::CUDAGeneratorImpl*>(at::TensorBase const&, double, double, at::CUDAGeneratorImpl*)::{lambda()#1}::operator()() const::{lambda()#3}::operator()() const::{lambda(float)#1}>(at::TensorIteratorBase&, at::CUDAGeneratorImpl*, at::native::templates::cuda::normal_kernel<at::CUDAGeneratorImpl*>(at::TensorBase const&, double, double, at::CUDAGeneratorImpl*)::{lambda()#1}::operator()() const::{lambda()#3}::operator()() const::{lambda(float)#1})::{lambda(hiprandStatePhilox4_32_10*)#2} const&, at::native::templates::cuda::normal_kernel<at::CUDAGeneratorImpl*>(at::TensorBase const&, double, double, at::CUDAGeneratorImpl*)::{lambda()#1}::operator()() const::{lambda()#3}::operator()() const::{lambda(float)#1})::{lambda(int, float)#1})",16,700762256608933,700762256614145,0,0,256,1,1,1024,1,1
"KERNEL_DISPATCH",8,1,176454,17,15,"void at::native::(anonymous namespace)::distribution_elementwise_grid_stride_kernel<float, 4, at::native::templates::cuda::normal_and_transform<c10::Half, float, at::CUDAGeneratorImpl*, at::native::templates::cuda::normal_kernel<at::CUDAGeneratorImpl*>(at::TensorBase const&, double, double, at::CUDAGeneratorImpl*)::{lambda()#1}::operator()() const::{lambda()#3}::operator()() const::{lambda(float)#1}>(at::TensorIteratorBase&, at::CUDAGeneratorImpl*, at::native::templates::cuda::normal_kernel<at::CUDAGeneratorImpl*>(at::TensorBase const&, double, double, at::CUDAGeneratorImpl*)::{lambda()#1}::operator()() const::{lambda()#3}::operator()() const::{lambda(float)#1})::{lambda(hiprandStatePhilox4_32_10*)#2}, at::native::(anonymous namespace)::distribution_nullary_kernel<c10::Half, float, HIP_vector_type<float, 4u>, at::CUDAGeneratorImpl*, at::native::templates::cuda::normal_and_transform<c10::Half, float, at::CUDAGeneratorImpl*, at::native::templates::cuda::normal_kernel<at::CUDAGeneratorImpl*>(at::TensorBase const&, double, double, at::CUDAGeneratorImpl*)::{lambda()#1}::operator()() const::{lambda()#3}::operator()() const::{lambda(float)#1}>(at::TensorIteratorBase&, at::CUDAGeneratorImpl*, at::native::templates::cuda::normal_kernel<at::CUDAGeneratorImpl*>(at::TensorBase const&, double, double, at::CUDAGeneratorImpl*)::{lambda()#1}::operator()() const::{lambda()#3}::operator()() const::{lambda(float)#1})::{lambda(hiprandStatePhilox4_32_10*)#2}, at::native::templates::cuda::normal_kernel<at::CUDAGeneratorImpl*>(at::TensorBase const&, double, double, at::CUDAGeneratorImpl*)::{lambda()#1}::operator()() const::{lambda()#3}::operator()() const::{lambda(float)#1}>(at::TensorIteratorBase&, at::CUDAGeneratorImpl*, at::native::templates::cuda::normal_and_transform<c10::Half, float, at::CUDAGeneratorImpl*, at::native::templates::cuda::normal_kernel<at::CUDAGeneratorImpl*>(at::TensorBase const&, double, double, at::CUDAGeneratorImpl*)::{lambda()#1}::operator()() const::{lambda()#3}::operator()() const::{lambda(float)#1}>(at::TensorIteratorBase&, at::CUDAGeneratorImpl*, at::native::templates::cuda::normal_kernel<at::CUDAGeneratorImpl*>(at::TensorBase const&, double, double, at::CUDAGeneratorImpl*)::{lambda()#1}::operator()() const::{lambda()#3}::operator()() const::{lambda(float)#1})::{lambda(hiprandStatePhilox4_32_10*)#2} const&, at::native::templates::cuda::normal_kernel<at::CUDAGeneratorImpl*>(at::TensorBase const&, double, double, at::CUDAGeneratorImpl*)::{lambda()#1}::operator()() const::{lambda()#3}::operator()() const::{lambda(float)#1})::{lambda(int, float)#1}>(long, at::PhiloxCudaState, at::native::templates::cuda::normal_and_transform<c10::Half, float, at::CUDAGeneratorImpl*, at::native::templates::cuda::normal_kernel<at::CUDAGeneratorImpl*>(at::TensorBase const&, double, double, at::CUDAGeneratorImpl*)::{lambda()#1}::operator()() const::{lambda()#3}::operator()() const::{lambda(float)#1}>(at::TensorIteratorBase&, at::CUDAGeneratorImpl*, at::native::templates::cuda::normal_kernel<at::CUDAGeneratorImpl*>(at::TensorBase const&, double, double, at::CUDAGeneratorImpl*)::{lambda()#1}::operator()() const::{lambda()#3}::operator()() const::{lambda(float)#1})::{lambda(hiprandStatePhilox4_32_10*)#2}, at::native::(anonymous namespace)::distribution_nullary_kernel<c10::Half, float, HIP_vector_type<float, 4u>, at::CUDAGeneratorImpl*, at::native::templates::cuda::normal_and_transform<c10::Half, float, at::CUDAGeneratorImpl*, at::native::templates::cuda::normal_kernel<at::CUDAGeneratorImpl*>(at::TensorBase const&, double, double, at::CUDAGeneratorImpl*)::{lambda()#1}::operator()() const::{lambda()#3}::operator()() const::{lambda(float)#1}>(at::TensorIteratorBase&, at::CUDAGeneratorImpl*, at::native::templates::cuda::normal_kernel<at::CUDAGeneratorImpl*>(at::TensorBase const&, double, double, at::CUDAGeneratorImpl*)::{lambda()#1}::operator()() const::{lambda()#3}::operator()() const::{lambda(float)#1})::{lambda(hiprandStatePhilox4_32_10*)#2}, at::native::templates::cuda::normal_kernel<at::CUDAGeneratorImpl*>(at::TensorBase const&, double, double, at::CUDAGeneratorImpl*)::{lambda()#1}::operator()() const::{lambda()#3}::operator()() const::{lambda(float)#1}>(at::TensorIteratorBase&, at::CUDAGeneratorImpl*, at::native::templates::cuda::normal_and_transform<c10::Half, float, at::CUDAGeneratorImpl*, at::native::templates::cuda::normal_kernel<at::CUDAGeneratorImpl*>(at::TensorBase const&, double, double, at::CUDAGeneratorImpl*)::{lambda()#1}::operator()() const::{lambda()#3}::operator()() const::{lambda(float)#1}>(at::TensorIteratorBase&, at::CUDAGeneratorImpl*, at::native::templates::cuda::normal_kernel<at::CUDAGeneratorImpl*>(at::TensorBase const&, double, double, at::CUDAGeneratorImpl*)::{lambda()#1}::operator()() const::{lambda()#3}::operator()() const::{lambda(float)#1})::{lambda(hiprandStatePhilox4_32_10*)#2} const&, at::native::templates::cuda::normal_kernel<at::CUDAGeneratorImpl*>(at::TensorBase const&, double, double, at::CUDAGeneratorImpl*)::{lambda()#1}::operator()() const::{lambda()#3}::operator()() const::{lambda(float)#1})::{lambda(int, float)#1})",17,700762256614145,700762256619878,0,0,256,1,1,524288,1,1
"KERNEL_DISPATCH",8,1,176454,18,15,"void at::native::(anonymous namespace)::distribution_elementwise_grid_stride_kernel<float, 4, at::native::templates::cuda::normal_and_transform<c10::Half, float, at::CUDAGeneratorImpl*, at::native::templates::cuda::normal_kernel<at::CUDAGeneratorImpl*>(at::TensorBase const&, double, double, at::CUDAGeneratorImpl*)::{lambda()#1}::operator()() const::{lambda()#3}::operator()() const::{lambda(float)#1}>(at::TensorIteratorBase&, at::CUDAGeneratorImpl*, at::native::templates::cuda::normal_kernel<at::CUDAGeneratorImpl*>(at::TensorBase const&, double, double, at::CUDAGeneratorImpl*)::{lambda()#1}::operator()() const::{lambda()#3}::operator()() const::{lambda(float)#1})::{lambda(hiprandStatePhilox4_32_10*)#2}, at::native::(anonymous namespace)::distribution_nullary_kernel<c10::Half, float, HIP_vector_type<float, 4u>, at::CUDAGeneratorImpl*, at::native::templates::cuda::normal_and_transform<c10::Half, float, at::CUDAGeneratorImpl*, at::native::templates::cuda::normal_kernel<at::CUDAGeneratorImpl*>(at::TensorBase const&, double, double, at::CUDAGeneratorImpl*)::{lambda()#1}::operator()() const::{lambda()#3}::operator()() const::{lambda(float)#1}>(at::TensorIteratorBase&, at::CUDAGeneratorImpl*, at::native::templates::cuda::normal_kernel<at::CUDAGeneratorImpl*>(at::TensorBase const&, double, double, at::CUDAGeneratorImpl*)::{lambda()#1}::operator()() const::{lambda()#3}::operator()() const::{lambda(float)#1})::{lambda(hiprandStatePhilox4_32_10*)#2}, at::native::templates::cuda::normal_kernel<at::CUDAGeneratorImpl*>(at::TensorBase const&, double, double, at::CUDAGeneratorImpl*)::{lambda()#1}::operator()() const::{lambda()#3}::operator()() const::{lambda(float)#1}>(at::TensorIteratorBase&, at::CUDAGeneratorImpl*, at::native::templates::cuda::normal_and_transform<c10::Half, float, at::CUDAGeneratorImpl*, at::native::templates::cuda::normal_kernel<at::CUDAGeneratorImpl*>(at::TensorBase const&, double, double, at::CUDAGeneratorImpl*)::{lambda()#1}::operator()() const::{lambda()#3}::operator()() const::{lambda(float)#1}>(at::TensorIteratorBase&, at::CUDAGeneratorImpl*, at::native::templates::cuda::normal_kernel<at::CUDAGeneratorImpl*>(at::TensorBase const&, double, double, at::CUDAGeneratorImpl*)::{lambda()#1}::operator()() const::{lambda()#3}::operator()() const::{lambda(float)#1})::{lambda(hiprandStatePhilox4_32_10*)#2} const&, at::native::templates::cuda::normal_kernel<at::CUDAGeneratorImpl*>(at::TensorBase const&, double, double, at::CUDAGeneratorImpl*)::{lambda()#1}::operator()() const::{lambda()#3}::operator()() const::{lambda(float)#1})::{lambda(int, float)#1}>(long, at::PhiloxCudaState, at::native::templates::cuda::normal_and_transform<c10::Half, float, at::CUDAGeneratorImpl*, at::native::templates::cuda::normal_kernel<at::CUDAGeneratorImpl*>(at::TensorBase const&, double, double, at::CUDAGeneratorImpl*)::{lambda()#1}::operator()() const::{lambda()#3}::operator()() const::{lambda(float)#1}>(at::TensorIteratorBase&, at::CUDAGeneratorImpl*, at::native::templates::cuda::normal_kernel<at::CUDAGeneratorImpl*>(at::TensorBase const&, double, double, at::CUDAGeneratorImpl*)::{lambda()#1}::operator()() const::{lambda()#3}::operator()() const::{lambda(float)#1})::{lambda(hiprandStatePhilox4_32_10*)#2}, at::native::(anonymous namespace)::distribution_nullary_kernel<c10::Half, float, HIP_vector_type<float, 4u>, at::CUDAGeneratorImpl*, at::native::templates::cuda::normal_and_transform<c10::Half, float, at::CUDAGeneratorImpl*, at::native::templates::cuda::normal_kernel<at::CUDAGeneratorImpl*>(at::TensorBase const&, double, double, at::CUDAGeneratorImpl*)::{lambda()#1}::operator()() const::{lambda()#3}::operator()() const::{lambda(float)#1}>(at::TensorIteratorBase&, at::CUDAGeneratorImpl*, at::native::templates::cuda::normal_kernel<at::CUDAGeneratorImpl*>(at::TensorBase const&, double, double, at::CUDAGeneratorImpl*)::{lambda()#1}::operator()() const::{lambda()#3}::operator()() const::{lambda(float)#1})::{lambda(hiprandStatePhilox4_32_10*)#2}, at::native::templates::cuda::normal_kernel<at::CUDAGeneratorImpl*>(at::TensorBase const&, double, double, at::CUDAGeneratorImpl*)::{lambda()#1}::operator()() const::{lambda()#3}::operator()() const::{lambda(float)#1}>(at::TensorIteratorBase&, at::CUDAGeneratorImpl*, at::native::templates::cuda::normal_and_transform<c10::Half, float, at::CUDAGeneratorImpl*, at::native::templates::cuda::normal_kernel<at::CUDAGeneratorImpl*>(at::TensorBase const&, double, double, at::CUDAGeneratorImpl*)::{lambda()#1}::operator()() const::{lambda()#3}::operator()() const::{lambda(float)#1}>(at::TensorIteratorBase&, at::CUDAGeneratorImpl*, at::native::templates::cuda::normal_kernel<at::CUDAGeneratorImpl*>(at::TensorBase const&, double, double, at::CUDAGeneratorImpl*)::{lambda()#1}::operator()() const::{lambda()#3}::operator()() const::{lambda(float)#1})::{lambda(hiprandStatePhilox4_32_10*)#2} const&, at::native::templates::cuda::normal_kernel<at::CUDAGeneratorImpl*>(at::TensorBase const&, double, double, at::CUDAGeneratorImpl*)::{lambda()#1}::operator()() const::{lambda()#3}::operator()() const::{lambda(float)#1})::{lambda(int, float)#1})",18,700762256634351,700762256640886,0,0,256,1,1,524288,1,1
"KERNEL_DISPATCH",8,1,176454,19,15,"void at::native::(anonymous namespace)::distribution_elementwise_grid_stride_kernel<float, 4, at::native::templates::cuda::normal_and_transform<c10::Half, float, at::CUDAGeneratorImpl*, at::native::templates::cuda::normal_kernel<at::CUDAGeneratorImpl*>(at::TensorBase const&, double, double, at::CUDAGeneratorImpl*)::{lambda()#1}::operator()() const::{lambda()#3}::operator()() const::{lambda(float)#1}>(at::TensorIteratorBase&, at::CUDAGeneratorImpl*, at::native::templates::cuda::normal_kernel<at::CUDAGeneratorImpl*>(at::TensorBase const&, double, double, at::CUDAGeneratorImpl*)::{lambda()#1}::operator()() const::{lambda()#3}::operator()() const::{lambda(float)#1})::{lambda(hiprandStatePhilox4_32_10*)#2}, at::native::(anonymous namespace)::distribution_nullary_kernel<c10::Half, float, HIP_vector_type<float, 4u>, at::CUDAGeneratorImpl*, at::native::templates::cuda::normal_and_transform<c10::Half, float, at::CUDAGeneratorImpl*, at::native::templates::cuda::normal_kernel<at::CUDAGeneratorImpl*>(at::TensorBase const&, double, double, at::CUDAGeneratorImpl*)::{lambda()#1}::operator()() const::{lambda()#3}::operator()() const::{lambda(float)#1}>(at::TensorIteratorBase&, at::CUDAGeneratorImpl*, at::native::templates::cuda::normal_kernel<at::CUDAGeneratorImpl*>(at::TensorBase const&, double, double, at::CUDAGeneratorImpl*)::{lambda()#1}::operator()() const::{lambda()#3}::operator()() const::{lambda(float)#1})::{lambda(hiprandStatePhilox4_32_10*)#2}, at::native::templates::cuda::normal_kernel<at::CUDAGeneratorImpl*>(at::TensorBase const&, double, double, at::CUDAGeneratorImpl*)::{lambda()#1}::operator()() const::{lambda()#3}::operator()() const::{lambda(float)#1}>(at::TensorIteratorBase&, at::CUDAGeneratorImpl*, at::native::templates::cuda::normal_and_transform<c10::Half, float, at::CUDAGeneratorImpl*, at::native::templates::cuda::normal_kernel<at::CUDAGeneratorImpl*>(at::TensorBase const&, double, double, at::CUDAGeneratorImpl*)::{lambda()#1}::operator()() const::{lambda()#3}::operator()() const::{lambda(float)#1}>(at::TensorIteratorBase&, at::CUDAGeneratorImpl*, at::native::templates::cuda::normal_kernel<at::CUDAGeneratorImpl*>(at::TensorBase const&, double, double, at::CUDAGeneratorImpl*)::{lambda()#1}::operator()() const::{lambda()#3}::operator()() const::{lambda(float)#1})::{lambda(hiprandStatePhilox4_32_10*)#2} const&, at::native::templates::cuda::normal_kernel<at::CUDAGeneratorImpl*>(at::TensorBase const&, double, double, at::CUDAGeneratorImpl*)::{lambda()#1}::operator()() const::{lambda()#3}::operator()() const::{lambda(float)#1})::{lambda(int, float)#1}>(long, at::PhiloxCudaState, at::native::templates::cuda::normal_and_transform<c10::Half, float, at::CUDAGeneratorImpl*, at::native::templates::cuda::normal_kernel<at::CUDAGeneratorImpl*>(at::TensorBase const&, double, double, at::CUDAGeneratorImpl*)::{lambda()#1}::operator()() const::{lambda()#3}::operator()() const::{lambda(float)#1}>(at::TensorIteratorBase&, at::CUDAGeneratorImpl*, at::native::templates::cuda::normal_kernel<at::CUDAGeneratorImpl*>(at::TensorBase const&, double, double, at::CUDAGeneratorImpl*)::{lambda()#1}::operator()() const::{lambda()#3}::operator()() const::{lambda(float)#1})::{lambda(hiprandStatePhilox4_32_10*)#2}, at::native::(anonymous namespace)::distribution_nullary_kernel<c10::Half, float, HIP_vector_type<float, 4u>, at::CUDAGeneratorImpl*, at::native::templates::cuda::normal_and_transform<c10::Half, float, at::CUDAGeneratorImpl*, at::native::templates::cuda::normal_kernel<at::CUDAGeneratorImpl*>(at::TensorBase const&, double, double, at::CUDAGeneratorImpl*)::{lambda()#1}::operator()() const::{lambda()#3}::operator()() const::{lambda(float)#1}>(at::TensorIteratorBase&, at::CUDAGeneratorImpl*, at::native::templates::cuda::normal_kernel<at::CUDAGeneratorImpl*>(at::TensorBase const&, double, double, at::CUDAGeneratorImpl*)::{lambda()#1}::operator()() const::{lambda()#3}::operator()() const::{lambda(float)#1})::{lambda(hiprandStatePhilox4_32_10*)#2}, at::native::templates::cuda::normal_kernel<at::CUDAGeneratorImpl*>(at::TensorBase const&, double, double, at::CUDAGeneratorImpl*)::{lambda()#1}::operator()() const::{lambda()#3}::operator()() const::{lambda(float)#1}>(at::TensorIteratorBase&, at::CUDAGeneratorImpl*, at::native::templates::cuda::normal_and_transform<c10::Half, float, at::CUDAGeneratorImpl*, at::native::templates::cuda::normal_kernel<at::CUDAGeneratorImpl*>(at::TensorBase const&, double, double, at::CUDAGeneratorImpl*)::{lambda()#1}::operator()() const::{lambda()#3}::operator()() const::{lambda(float)#1}>(at::TensorIteratorBase&, at::CUDAGeneratorImpl*, at::native::templates::cuda::normal_kernel<at::CUDAGeneratorImpl*>(at::TensorBase const&, double, double, at::CUDAGeneratorImpl*)::{lambda()#1}::operator()() const::{lambda()#3}::operator()() const::{lambda(float)#1})::{lambda(hiprandStatePhilox4_32_10*)#2} const&, at::native::templates::cuda::normal_kernel<at::CUDAGeneratorImpl*>(at::TensorBase const&, double, double, at::CUDAGeneratorImpl*)::{lambda()#1}::operator()() const::{lambda()#3}::operator()() const::{lambda(float)#1})::{lambda(int, float)#1})",19,700762256645314,700762256688092,0,0,256,1,1,622592,1,1
"KERNEL_DISPATCH",8,1,176454,20,15,"void at::native::(anonymous namespace)::distribution_elementwise_grid_stride_kernel<float, 4, at::native::templates::cuda::normal_and_transform<c10::Half, float, at::CUDAGeneratorImpl*, at::native::templates::cuda::normal_kernel<at::CUDAGeneratorImpl*>(at::TensorBase const&, double, double, at::CUDAGeneratorImpl*)::{lambda()#1}::operator()() const::{lambda()#3}::operator()() const::{lambda(float)#1}>(at::TensorIteratorBase&, at::CUDAGeneratorImpl*, at::native::templates::cuda::normal_kernel<at::CUDAGeneratorImpl*>(at::TensorBase const&, double, double, at::CUDAGeneratorImpl*)::{lambda()#1}::operator()() const::{lambda()#3}::operator()() const::{lambda(float)#1})::{lambda(hiprandStatePhilox4_32_10*)#2}, at::native::(anonymous namespace)::distribution_nullary_kernel<c10::Half, float, HIP_vector_type<float, 4u>, at::CUDAGeneratorImpl*, at::native::templates::cuda::normal_and_transform<c10::Half, float, at::CUDAGeneratorImpl*, at::native::templates::cuda::normal_kernel<at::CUDAGeneratorImpl*>(at::TensorBase const&, double, double, at::CUDAGeneratorImpl*)::{lambda()#1}::operator()() const::{lambda()#3}::operator()() const::{lambda(float)#1}>(at::TensorIteratorBase&, at::CUDAGeneratorImpl*, at::native::templates::cuda::normal_kernel<at::CUDAGeneratorImpl*>(at::TensorBase const&, double, double, at::CUDAGeneratorImpl*)::{lambda()#1}::operator()() const::{lambda()#3}::operator()() const::{lambda(float)#1})::{lambda(hiprandStatePhilox4_32_10*)#2}, at::native::templates::cuda::normal_kernel<at::CUDAGeneratorImpl*>(at::TensorBase const&, double, double, at::CUDAGeneratorImpl*)::{lambda()#1}::operator()() const::{lambda()#3}::operator()() const::{lambda(float)#1}>(at::TensorIteratorBase&, at::CUDAGeneratorImpl*, at::native::templates::cuda::normal_and_transform<c10::Half, float, at::CUDAGeneratorImpl*, at::native::templates::cuda::normal_kernel<at::CUDAGeneratorImpl*>(at::TensorBase const&, double, double, at::CUDAGeneratorImpl*)::{lambda()#1}::operator()() const::{lambda()#3}::operator()() const::{lambda(float)#1}>(at::TensorIteratorBase&, at::CUDAGeneratorImpl*, at::native::templates::cuda::normal_kernel<at::CUDAGeneratorImpl*>(at::TensorBase const&, double, double, at::CUDAGeneratorImpl*)::{lambda()#1}::operator()() const::{lambda()#3}::operator()() const::{lambda(float)#1})::{lambda(hiprandStatePhilox4_32_10*)#2} const&, at::native::templates::cuda::normal_kernel<at::CUDAGeneratorImpl*>(at::TensorBase const&, double, double, at::CUDAGeneratorImpl*)::{lambda()#1}::operator()() const::{lambda()#3}::operator()() const::{lambda(float)#1})::{lambda(int, float)#1}>(long, at::PhiloxCudaState, at::native::templates::cuda::normal_and_transform<c10::Half, float, at::CUDAGeneratorImpl*, at::native::templates::cuda::normal_kernel<at::CUDAGeneratorImpl*>(at::TensorBase const&, double, double, at::CUDAGeneratorImpl*)::{lambda()#1}::operator()() const::{lambda()#3}::operator()() const::{lambda(float)#1}>(at::TensorIteratorBase&, at::CUDAGeneratorImpl*, at::native::templates::cuda::normal_kernel<at::CUDAGeneratorImpl*>(at::TensorBase const&, double, double, at::CUDAGeneratorImpl*)::{lambda()#1}::operator()() const::{lambda()#3}::operator()() const::{lambda(float)#1})::{lambda(hiprandStatePhilox4_32_10*)#2}, at::native::(anonymous namespace)::distribution_nullary_kernel<c10::Half, float, HIP_vector_type<float, 4u>, at::CUDAGeneratorImpl*, at::native::templates::cuda::normal_and_transform<c10::Half, float, at::CUDAGeneratorImpl*, at::native::templates::cuda::normal_kernel<at::CUDAGeneratorImpl*>(at::TensorBase const&, double, double, at::CUDAGeneratorImpl*)::{lambda()#1}::operator()() const::{lambda()#3}::operator()() const::{lambda(float)#1}>(at::TensorIteratorBase&, at::CUDAGeneratorImpl*, at::native::templates::cuda::normal_kernel<at::CUDAGeneratorImpl*>(at::TensorBase const&, double, double, at::CUDAGeneratorImpl*)::{lambda()#1}::operator()() const::{lambda()#3}::operator()() const::{lambda(float)#1})::{lambda(hiprandStatePhilox4_32_10*)#2}, at::native::templates::cuda::normal_kernel<at::CUDAGeneratorImpl*>(at::TensorBase const&, double, double, at::CUDAGeneratorImpl*)::{lambda()#1}::operator()() const::{lambda()#3}::operator()() const::{lambda(float)#1}>(at::TensorIteratorBase&, at::CUDAGeneratorImpl*, at::native::templates::cuda::normal_and_transform<c10::Half, float, at::CUDAGeneratorImpl*, at::native::templates::cuda::normal_kernel<at::CUDAGeneratorImpl*>(at::TensorBase const&, double, double, at::CUDAGeneratorImpl*)::{lambda()#1}::operator()() const::{lambda()#3}::operator()() const::{lambda(float)#1}>(at::TensorIteratorBase&, at::CUDAGeneratorImpl*, at::native::templates::cuda::normal_kernel<at::CUDAGeneratorImpl*>(at::TensorBase const&, double, double, at::CUDAGeneratorImpl*)::{lambda()#1}::operator()() const::{lambda()#3}::operator()() const::{lambda(float)#1})::{lambda(hiprandStatePhilox4_32_10*)#2} const&, at::native::templates::cuda::normal_kernel<at::CUDAGeneratorImpl*>(at::TensorBase const&, double, double, at::CUDAGeneratorImpl*)::{lambda()#1}::operator()() const::{lambda()#3}::operator()() const::{lambda(float)#1})::{lambda(int, float)#1})",20,700762256692524,700762256695170,0,0,256,1,1,32768,1,1
"KERNEL_DISPATCH",8,1,176454,21,15,"void at::native::(anonymous namespace)::distribution_elementwise_grid_stride_kernel<float, 4, at::native::templates::cuda::normal_and_transform<c10::Half, float, at::CUDAGeneratorImpl*, at::native::templates::cuda::normal_kernel<at::CUDAGeneratorImpl*>(at::TensorBase const&, double, double, at::CUDAGeneratorImpl*)::{lambda()#1}::operator()() const::{lambda()#3}::operator()() const::{lambda(float)#1}>(at::TensorIteratorBase&, at::CUDAGeneratorImpl*, at::native::templates::cuda::normal_kernel<at::CUDAGeneratorImpl*>(at::TensorBase const&, double, double, at::CUDAGeneratorImpl*)::{lambda()#1}::operator()() const::{lambda()#3}::operator()() const::{lambda(float)#1})::{lambda(hiprandStatePhilox4_32_10*)#2}, at::native::(anonymous namespace)::distribution_nullary_kernel<c10::Half, float, HIP_vector_type<float, 4u>, at::CUDAGeneratorImpl*, at::native::templates::cuda::normal_and_transform<c10::Half, float, at::CUDAGeneratorImpl*, at::native::templates::cuda::normal_kernel<at::CUDAGeneratorImpl*>(at::TensorBase const&, double, double, at::CUDAGeneratorImpl*)::{lambda()#1}::operator()() const::{lambda()#3}::operator()() const::{lambda(float)#1}>(at::TensorIteratorBase&, at::CUDAGeneratorImpl*, at::native::templates::cuda::normal_kernel<at::CUDAGeneratorImpl*>(at::TensorBase const&, double, double, at::CUDAGeneratorImpl*)::{lambda()#1}::operator()() const::{lambda()#3}::operator()() const::{lambda(float)#1})::{lambda(hiprandStatePhilox4_32_10*)#2}, at::native::templates::cuda::normal_kernel<at::CUDAGeneratorImpl*>(at::TensorBase const&, double, double, at::CUDAGeneratorImpl*)::{lambda()#1}::operator()() const::{lambda()#3}::operator()() const::{lambda(float)#1}>(at::TensorIteratorBase&, at::CUDAGeneratorImpl*, at::native::templates::cuda::normal_and_transform<c10::Half, float, at::CUDAGeneratorImpl*, at::native::templates::cuda::normal_kernel<at::CUDAGeneratorImpl*>(at::TensorBase const&, double, double, at::CUDAGeneratorImpl*)::{lambda()#1}::operator()() const::{lambda()#3}::operator()() const::{lambda(float)#1}>(at::TensorIteratorBase&, at::CUDAGeneratorImpl*, at::native::templates::cuda::normal_kernel<at::CUDAGeneratorImpl*>(at::TensorBase const&, double, double, at::CUDAGeneratorImpl*)::{lambda()#1}::operator()() const::{lambda()#3}::operator()() const::{lambda(float)#1})::{lambda(hiprandStatePhilox4_32_10*)#2} const&, at::native::templates::cuda::normal_kernel<at::CUDAGeneratorImpl*>(at::TensorBase const&, double, double, at::CUDAGeneratorImpl*)::{lambda()#1}::operator()() const::{lambda()#3}::operator()() const::{lambda(float)#1})::{lambda(int, float)#1}>(long, at::PhiloxCudaState, at::native::templates::cuda::normal_and_transform<c10::Half, float, at::CUDAGeneratorImpl*, at::native::templates::cuda::normal_kernel<at::CUDAGeneratorImpl*>(at::TensorBase const&, double, double, at::CUDAGeneratorImpl*)::{lambda()#1}::operator()() const::{lambda()#3}::operator()() const::{lambda(float)#1}>(at::TensorIteratorBase&, at::CUDAGeneratorImpl*, at::native::templates::cuda::normal_kernel<at::CUDAGeneratorImpl*>(at::TensorBase const&, double, double, at::CUDAGeneratorImpl*)::{lambda()#1}::operator()() const::{lambda()#3}::operator()() const::{lambda(float)#1})::{lambda(hiprandStatePhilox4_32_10*)#2}, at::native::(anonymous namespace)::distribution_nullary_kernel<c10::Half, float, HIP_vector_type<float, 4u>, at::CUDAGeneratorImpl*, at::native::templates::cuda::normal_and_transform<c10::Half, float, at::CUDAGeneratorImpl*, at::native::templates::cuda::normal_kernel<at::CUDAGeneratorImpl*>(at::TensorBase const&, double, double, at::CUDAGeneratorImpl*)::{lambda()#1}::operator()() const::{lambda()#3}::operator()() const::{lambda(float)#1}>(at::TensorIteratorBase&, at::CUDAGeneratorImpl*, at::native::templates::cuda::normal_kernel<at::CUDAGeneratorImpl*>(at::TensorBase const&, double, double, at::CUDAGeneratorImpl*)::{lambda()#1}::operator()() const::{lambda()#3}::operator()() const::{lambda(float)#1})::{lambda(hiprandStatePhilox4_32_10*)#2}, at::native::templates::cuda::normal_kernel<at::CUDAGeneratorImpl*>(at::TensorBase const&, double, double, at::CUDAGeneratorImpl*)::{lambda()#1}::operator()() const::{lambda()#3}::operator()() const::{lambda(float)#1}>(at::TensorIteratorBase&, at::CUDAGeneratorImpl*, at::native::templates::cuda::normal_and_transform<c10::Half, float, at::CUDAGeneratorImpl*, at::native::templates::cuda::normal_kernel<at::CUDAGeneratorImpl*>(at::TensorBase const&, double, double, at::CUDAGeneratorImpl*)::{lambda()#1}::operator()() const::{lambda()#3}::operator()() const::{lambda(float)#1}>(at::TensorIteratorBase&, at::CUDAGeneratorImpl*, at::native::templates::cuda::normal_kernel<at::CUDAGeneratorImpl*>(at::TensorBase const&, double, double, at::CUDAGeneratorImpl*)::{lambda()#1}::operator()() const::{lambda()#3}::operator()() const::{lambda(float)#1})::{lambda(hiprandStatePhilox4_32_10*)#2} const&, at::native::templates::cuda::normal_kernel<at::CUDAGeneratorImpl*>(at::TensorBase const&, double, double, at::CUDAGeneratorImpl*)::{lambda()#1}::operator()() const::{lambda()#3}::operator()() const::{lambda(float)#1})::{lambda(int, float)#1})",21,700762256695170,700762256700583,0,0,256,1,1,32768,1,1
"KERNEL_DISPATCH",8,1,176454,22,15,"void at::native::(anonymous namespace)::distribution_elementwise_grid_stride_kernel<float, 4, at::native::templates::cuda::normal_and_transform<c10::Half, float, at::CUDAGeneratorImpl*, at::native::templates::cuda::normal_kernel<at::CUDAGeneratorImpl*>(at::TensorBase const&, double, double, at::CUDAGeneratorImpl*)::{lambda()#1}::operator()() const::{lambda()#3}::operator()() const::{lambda(float)#1}>(at::TensorIteratorBase&, at::CUDAGeneratorImpl*, at::native::templates::cuda::normal_kernel<at::CUDAGeneratorImpl*>(at::TensorBase const&, double, double, at::CUDAGeneratorImpl*)::{lambda()#1}::operator()() const::{lambda()#3}::operator()() const::{lambda(float)#1})::{lambda(hiprandStatePhilox4_32_10*)#2}, at::native::(anonymous namespace)::distribution_nullary_kernel<c10::Half, float, HIP_vector_type<float, 4u>, at::CUDAGeneratorImpl*, at::native::templates::cuda::normal_and_transform<c10::Half, float, at::CUDAGeneratorImpl*, at::native::templates::cuda::normal_kernel<at::CUDAGeneratorImpl*>(at::TensorBase const&, double, double, at::CUDAGeneratorImpl*)::{lambda()#1}::operator()() const::{lambda()#3}::operator()() const::{lambda(float)#1}>(at::TensorIteratorBase&, at::CUDAGeneratorImpl*, at::native::templates::cuda::normal_kernel<at::CUDAGeneratorImpl*>(at::TensorBase const&, double, double, at::CUDAGeneratorImpl*)::{lambda()#1}::operator()() const::{lambda()#3}::operator()() const::{lambda(float)#1})::{lambda(hiprandStatePhilox4_32_10*)#2}, at::native::templates::cuda::normal_kernel<at::CUDAGeneratorImpl*>(at::TensorBase const&, double, double, at::CUDAGeneratorImpl*)::{lambda()#1}::operator()() const::{lambda()#3}::operator()() const::{lambda(float)#1}>(at::TensorIteratorBase&, at::CUDAGeneratorImpl*, at::native::templates::cuda::normal_and_transform<c10::Half, float, at::CUDAGeneratorImpl*, at::native::templates::cuda::normal_kernel<at::CUDAGeneratorImpl*>(at::TensorBase const&, double, double, at::CUDAGeneratorImpl*)::{lambda()#1}::operator()() const::{lambda()#3}::operator()() const::{lambda(float)#1}>(at::TensorIteratorBase&, at::CUDAGeneratorImpl*, at::native::templates::cuda::normal_kernel<at::CUDAGeneratorImpl*>(at::TensorBase const&, double, double, at::CUDAGeneratorImpl*)::{lambda()#1}::operator()() const::{lambda()#3}::operator()() const::{lambda(float)#1})::{lambda(hiprandStatePhilox4_32_10*)#2} const&, at::native::templates::cuda::normal_kernel<at::CUDAGeneratorImpl*>(at::TensorBase const&, double, double, at::CUDAGeneratorImpl*)::{lambda()#1}::operator()() const::{lambda()#3}::operator()() const::{lambda(float)#1})::{lambda(int, float)#1}>(long, at::PhiloxCudaState, at::native::templates::cuda::normal_and_transform<c10::Half, float, at::CUDAGeneratorImpl*, at::native::templates::cuda::normal_kernel<at::CUDAGeneratorImpl*>(at::TensorBase const&, double, double, at::CUDAGeneratorImpl*)::{lambda()#1}::operator()() const::{lambda()#3}::operator()() const::{lambda(float)#1}>(at::TensorIteratorBase&, at::CUDAGeneratorImpl*, at::native::templates::cuda::normal_kernel<at::CUDAGeneratorImpl*>(at::TensorBase const&, double, double, at::CUDAGeneratorImpl*)::{lambda()#1}::operator()() const::{lambda()#3}::operator()() const::{lambda(float)#1})::{lambda(hiprandStatePhilox4_32_10*)#2}, at::native::(anonymous namespace)::distribution_nullary_kernel<c10::Half, float, HIP_vector_type<float, 4u>, at::CUDAGeneratorImpl*, at::native::templates::cuda::normal_and_transform<c10::Half, float, at::CUDAGeneratorImpl*, at::native::templates::cuda::normal_kernel<at::CUDAGeneratorImpl*>(at::TensorBase const&, double, double, at::CUDAGeneratorImpl*)::{lambda()#1}::operator()() const::{lambda()#3}::operator()() const::{lambda(float)#1}>(at::TensorIteratorBase&, at::CUDAGeneratorImpl*, at::native::templates::cuda::normal_kernel<at::CUDAGeneratorImpl*>(at::TensorBase const&, double, double, at::CUDAGeneratorImpl*)::{lambda()#1}::operator()() const::{lambda()#3}::operator()() const::{lambda(float)#1})::{lambda(hiprandStatePhilox4_32_10*)#2}, at::native::templates::cuda::normal_kernel<at::CUDAGeneratorImpl*>(at::TensorBase const&, double, double, at::CUDAGeneratorImpl*)::{lambda()#1}::operator()() const::{lambda()#3}::operator()() const::{lambda(float)#1}>(at::TensorIteratorBase&, at::CUDAGeneratorImpl*, at::native::templates::cuda::normal_and_transform<c10::Half, float, at::CUDAGeneratorImpl*, at::native::templates::cuda::normal_kernel<at::CUDAGeneratorImpl*>(at::TensorBase const&, double, double, at::CUDAGeneratorImpl*)::{lambda()#1}::operator()() const::{lambda()#3}::operator()() const::{lambda(float)#1}>(at::TensorIteratorBase&, at::CUDAGeneratorImpl*, at::native::templates::cuda::normal_kernel<at::CUDAGeneratorImpl*>(at::TensorBase const&, double, double, at::CUDAGeneratorImpl*)::{lambda()#1}::operator()() const::{lambda()#3}::operator()() const::{lambda(float)#1})::{lambda(hiprandStatePhilox4_32_10*)#2} const&, at::native::templates::cuda::normal_kernel<at::CUDAGeneratorImpl*>(at::TensorBase const&, double, double, at::CUDAGeneratorImpl*)::{lambda()#1}::operator()() const::{lambda()#3}::operator()() const::{lambda(float)#1})::{lambda(int, float)#1})",22,700762256700583,700762256705995,0,0,256,1,1,1024,1,1
"KERNEL_DISPATCH",8,1,176454,23,15,"void at::native::(anonymous namespace)::distribution_elementwise_grid_stride_kernel<float, 4, at::native::templates::cuda::normal_and_transform<c10::Half, float, at::CUDAGeneratorImpl*, at::native::templates::cuda::normal_kernel<at::CUDAGeneratorImpl*>(at::TensorBase const&, double, double, at::CUDAGeneratorImpl*)::{lambda()#1}::operator()() const::{lambda()#3}::operator()() const::{lambda(float)#1}>(at::TensorIteratorBase&, at::CUDAGeneratorImpl*, at::native::templates::cuda::normal_kernel<at::CUDAGeneratorImpl*>(at::TensorBase const&, double, double, at::CUDAGeneratorImpl*)::{lambda()#1}::operator()() const::{lambda()#3}::operator()() const::{lambda(float)#1})::{lambda(hiprandStatePhilox4_32_10*)#2}, at::native::(anonymous namespace)::distribution_nullary_kernel<c10::Half, float, HIP_vector_type<float, 4u>, at::CUDAGeneratorImpl*, at::native::templates::cuda::normal_and_transform<c10::Half, float, at::CUDAGeneratorImpl*, at::native::templates::cuda::normal_kernel<at::CUDAGeneratorImpl*>(at::TensorBase const&, double, double, at::CUDAGeneratorImpl*)::{lambda()#1}::operator()() const::{lambda()#3}::operator()() const::{lambda(float)#1}>(at::TensorIteratorBase&, at::CUDAGeneratorImpl*, at::native::templates::cuda::normal_kernel<at::CUDAGeneratorImpl*>(at::TensorBase const&, double, double, at::CUDAGeneratorImpl*)::{lambda()#1}::operator()() const::{lambda()#3}::operator()() const::{lambda(float)#1})::{lambda(hiprandStatePhilox4_32_10*)#2}, at::native::templates::cuda::normal_kernel<at::CUDAGeneratorImpl*>(at::TensorBase const&, double, double, at::CUDAGeneratorImpl*)::{lambda()#1}::operator()() const::{lambda()#3}::operator()() const::{lambda(float)#1}>(at::TensorIteratorBase&, at::CUDAGeneratorImpl*, at::native::templates::cuda::normal_and_transform<c10::Half, float, at::CUDAGeneratorImpl*, at::native::templates::cuda::normal_kernel<at::CUDAGeneratorImpl*>(at::TensorBase const&, double, double, at::CUDAGeneratorImpl*)::{lambda()#1}::operator()() const::{lambda()#3}::operator()() const::{lambda(float)#1}>(at::TensorIteratorBase&, at::CUDAGeneratorImpl*, at::native::templates::cuda::normal_kernel<at::CUDAGeneratorImpl*>(at::TensorBase const&, double, double, at::CUDAGeneratorImpl*)::{lambda()#1}::operator()() const::{lambda()#3}::operator()() const::{lambda(float)#1})::{lambda(hiprandStatePhilox4_32_10*)#2} const&, at::native::templates::cuda::normal_kernel<at::CUDAGeneratorImpl*>(at::TensorBase const&, double, double, at::CUDAGeneratorImpl*)::{lambda()#1}::operator()() const::{lambda()#3}::operator()() const::{lambda(float)#1})::{lambda(int, float)#1}>(long, at::PhiloxCudaState, at::native::templates::cuda::normal_and_transform<c10::Half, float, at::CUDAGeneratorImpl*, at::native::templates::cuda::normal_kernel<at::CUDAGeneratorImpl*>(at::TensorBase const&, double, double, at::CUDAGeneratorImpl*)::{lambda()#1}::operator()() const::{lambda()#3}::operator()() const::{lambda(float)#1}>(at::TensorIteratorBase&, at::CUDAGeneratorImpl*, at::native::templates::cuda::normal_kernel<at::CUDAGeneratorImpl*>(at::TensorBase const&, double, double, at::CUDAGeneratorImpl*)::{lambda()#1}::operator()() const::{lambda()#3}::operator()() const::{lambda(float)#1})::{lambda(hiprandStatePhilox4_32_10*)#2}, at::native::(anonymous namespace)::distribution_nullary_kernel<c10::Half, float, HIP_vector_type<float, 4u>, at::CUDAGeneratorImpl*, at::native::templates::cuda::normal_and_transform<c10::Half, float, at::CUDAGeneratorImpl*, at::native::templates::cuda::normal_kernel<at::CUDAGeneratorImpl*>(at::TensorBase const&, double, double, at::CUDAGeneratorImpl*)::{lambda()#1}::operator()() const::{lambda()#3}::operator()() const::{lambda(float)#1}>(at::TensorIteratorBase&, at::CUDAGeneratorImpl*, at::native::templates::cuda::normal_kernel<at::CUDAGeneratorImpl*>(at::TensorBase const&, double, double, at::CUDAGeneratorImpl*)::{lambda()#1}::operator()() const::{lambda()#3}::operator()() const::{lambda(float)#1})::{lambda(hiprandStatePhilox4_32_10*)#2}, at::native::templates::cuda::normal_kernel<at::CUDAGeneratorImpl*>(at::TensorBase const&, double, double, at::CUDAGeneratorImpl*)::{lambda()#1}::operator()() const::{lambda()#3}::operator()() const::{lambda(float)#1}>(at::TensorIteratorBase&, at::CUDAGeneratorImpl*, at::native::templates::cuda::normal_and_transform<c10::Half, float, at::CUDAGeneratorImpl*, at::native::templates::cuda::normal_kernel<at::CUDAGeneratorImpl*>(at::TensorBase const&, double, double, at::CUDAGeneratorImpl*)::{lambda()#1}::operator()() const::{lambda()#3}::operator()() const::{lambda(float)#1}>(at::TensorIteratorBase&, at::CUDAGeneratorImpl*, at::native::templates::cuda::normal_kernel<at::CUDAGeneratorImpl*>(at::TensorBase const&, double, double, at::CUDAGeneratorImpl*)::{lambda()#1}::operator()() const::{lambda()#3}::operator()() const::{lambda(float)#1})::{lambda(hiprandStatePhilox4_32_10*)#2} const&, at::native::templates::cuda::normal_kernel<at::CUDAGeneratorImpl*>(at::TensorBase const&, double, double, at::CUDAGeneratorImpl*)::{lambda()#1}::operator()() const::{lambda()#3}::operator()() const::{lambda(float)#1})::{lambda(int, float)#1})",23,700762256705995,700762256711728,0,0,256,1,1,524288,1,1
"KERNEL_DISPATCH",8,1,176454,24,15,"void at::native::(anonymous namespace)::distribution_elementwise_grid_stride_kernel<float, 4, at::native::templates::cuda::normal_and_transform<c10::Half, float, at::CUDAGeneratorImpl*, at::native::templates::cuda::normal_kernel<at::CUDAGeneratorImpl*>(at::TensorBase const&, double, double, at::CUDAGeneratorImpl*)::{lambda()#1}::operator()() const::{lambda()#3}::operator()() const::{lambda(float)#1}>(at::TensorIteratorBase&, at::CUDAGeneratorImpl*, at::native::templates::cuda::normal_kernel<at::CUDAGeneratorImpl*>(at::TensorBase const&, double, double, at::CUDAGeneratorImpl*)::{lambda()#1}::operator()() const::{lambda()#3}::operator()() const::{lambda(float)#1})::{lambda(hiprandStatePhilox4_32_10*)#2}, at::native::(anonymous namespace)::distribution_nullary_kernel<c10::Half, float, HIP_vector_type<float, 4u>, at::CUDAGeneratorImpl*, at::native::templates::cuda::normal_and_transform<c10::Half, float, at::CUDAGeneratorImpl*, at::native::templates::cuda::normal_kernel<at::CUDAGeneratorImpl*>(at::TensorBase const&, double, double, at::CUDAGeneratorImpl*)::{lambda()#1}::operator()() const::{lambda()#3}::operator()() const::{lambda(float)#1}>(at::TensorIteratorBase&, at::CUDAGeneratorImpl*, at::native::templates::cuda::normal_kernel<at::CUDAGeneratorImpl*>(at::TensorBase const&, double, double, at::CUDAGeneratorImpl*)::{lambda()#1}::operator()() const::{lambda()#3}::operator()() const::{lambda(float)#1})::{lambda(hiprandStatePhilox4_32_10*)#2}, at::native::templates::cuda::normal_kernel<at::CUDAGeneratorImpl*>(at::TensorBase const&, double, double, at::CUDAGeneratorImpl*)::{lambda()#1}::operator()() const::{lambda()#3}::operator()() const::{lambda(float)#1}>(at::TensorIteratorBase&, at::CUDAGeneratorImpl*, at::native::templates::cuda::normal_and_transform<c10::Half, float, at::CUDAGeneratorImpl*, at::native::templates::cuda::normal_kernel<at::CUDAGeneratorImpl*>(at::TensorBase const&, double, double, at::CUDAGeneratorImpl*)::{lambda()#1}::operator()() const::{lambda()#3}::operator()() const::{lambda(float)#1}>(at::TensorIteratorBase&, at::CUDAGeneratorImpl*, at::native::templates::cuda::normal_kernel<at::CUDAGeneratorImpl*>(at::TensorBase const&, double, double, at::CUDAGeneratorImpl*)::{lambda()#1}::operator()() const::{lambda()#3}::operator()() const::{lambda(float)#1})::{lambda(hiprandStatePhilox4_32_10*)#2} const&, at::native::templates::cuda::normal_kernel<at::CUDAGeneratorImpl*>(at::TensorBase const&, double, double, at::CUDAGeneratorImpl*)::{lambda()#1}::operator()() const::{lambda()#3}::operator()() const::{lambda(float)#1})::{lambda(int, float)#1}>(long, at::PhiloxCudaState, at::native::templates::cuda::normal_and_transform<c10::Half, float, at::CUDAGeneratorImpl*, at::native::templates::cuda::normal_kernel<at::CUDAGeneratorImpl*>(at::TensorBase const&, double, double, at::CUDAGeneratorImpl*)::{lambda()#1}::operator()() const::{lambda()#3}::operator()() const::{lambda(float)#1}>(at::TensorIteratorBase&, at::CUDAGeneratorImpl*, at::native::templates::cuda::normal_kernel<at::CUDAGeneratorImpl*>(at::TensorBase const&, double, double, at::CUDAGeneratorImpl*)::{lambda()#1}::operator()() const::{lambda()#3}::operator()() const::{lambda(float)#1})::{lambda(hiprandStatePhilox4_32_10*)#2}, at::native::(anonymous namespace)::distribution_nullary_kernel<c10::Half, float, HIP_vector_type<float, 4u>, at::CUDAGeneratorImpl*, at::native::templates::cuda::normal_and_transform<c10::Half, float, at::CUDAGeneratorImpl*, at::native::templates::cuda::normal_kernel<at::CUDAGeneratorImpl*>(at::TensorBase const&, double, double, at::CUDAGeneratorImpl*)::{lambda()#1}::operator()() const::{lambda()#3}::operator()() const::{lambda(float)#1}>(at::TensorIteratorBase&, at::CUDAGeneratorImpl*, at::native::templates::cuda::normal_kernel<at::CUDAGeneratorImpl*>(at::TensorBase const&, double, double, at::CUDAGeneratorImpl*)::{lambda()#1}::operator()() const::{lambda()#3}::operator()() const::{lambda(float)#1})::{lambda(hiprandStatePhilox4_32_10*)#2}, at::native::templates::cuda::normal_kernel<at::CUDAGeneratorImpl*>(at::TensorBase const&, double, double, at::CUDAGeneratorImpl*)::{lambda()#1}::operator()() const::{lambda()#3}::operator()() const::{lambda(float)#1}>(at::TensorIteratorBase&, at::CUDAGeneratorImpl*, at::native::templates::cuda::normal_and_transform<c10::Half, float, at::CUDAGeneratorImpl*, at::native::templates::cuda::normal_kernel<at::CUDAGeneratorImpl*>(at::TensorBase const&, double, double, at::CUDAGeneratorImpl*)::{lambda()#1}::operator()() const::{lambda()#3}::operator()() const::{lambda(float)#1}>(at::TensorIteratorBase&, at::CUDAGeneratorImpl*, at::native::templates::cuda::normal_kernel<at::CUDAGeneratorImpl*>(at::TensorBase const&, double, double, at::CUDAGeneratorImpl*)::{lambda()#1}::operator()() const::{lambda()#3}::operator()() const::{lambda(float)#1})::{lambda(hiprandStatePhilox4_32_10*)#2} const&, at::native::templates::cuda::normal_kernel<at::CUDAGeneratorImpl*>(at::TensorBase const&, double, double, at::CUDAGeneratorImpl*)::{lambda()#1}::operator()() const::{lambda()#3}::operator()() const::{lambda(float)#1})::{lambda(int, float)#1})",24,700762256724918,700762256732536,0,0,256,1,1,524288,1,1
"KERNEL_DISPATCH",8,1,176454,25,15,"void at::native::(anonymous namespace)::distribution_elementwise_grid_stride_kernel<float, 4, at::native::templates::cuda::normal_and_transform<c10::Half, float, at::CUDAGeneratorImpl*, at::native::templates::cuda::normal_kernel<at::CUDAGeneratorImpl*>(at::TensorBase const&, double, double, at::CUDAGeneratorImpl*)::{lambda()#1}::operator()() const::{lambda()#3}::operator()() const::{lambda(float)#1}>(at::TensorIteratorBase&, at::CUDAGeneratorImpl*, at::native::templates::cuda::normal_kernel<at::CUDAGeneratorImpl*>(at::TensorBase const&, double, double, at::CUDAGeneratorImpl*)::{lambda()#1}::operator()() const::{lambda()#3}::operator()() const::{lambda(float)#1})::{lambda(hiprandStatePhilox4_32_10*)#2}, at::native::(anonymous namespace)::distribution_nullary_kernel<c10::Half, float, HIP_vector_type<float, 4u>, at::CUDAGeneratorImpl*, at::native::templates::cuda::normal_and_transform<c10::Half, float, at::CUDAGeneratorImpl*, at::native::templates::cuda::normal_kernel<at::CUDAGeneratorImpl*>(at::TensorBase const&, double, double, at::CUDAGeneratorImpl*)::{lambda()#1}::operator()() const::{lambda()#3}::operator()() const::{lambda(float)#1}>(at::TensorIteratorBase&, at::CUDAGeneratorImpl*, at::native::templates::cuda::normal_kernel<at::CUDAGeneratorImpl*>(at::TensorBase const&, double, double, at::CUDAGeneratorImpl*)::{lambda()#1}::operator()() const::{lambda()#3}::operator()() const::{lambda(float)#1})::{lambda(hiprandStatePhilox4_32_10*)#2}, at::native::templates::cuda::normal_kernel<at::CUDAGeneratorImpl*>(at::TensorBase const&, double, double, at::CUDAGeneratorImpl*)::{lambda()#1}::operator()() const::{lambda()#3}::operator()() const::{lambda(float)#1}>(at::TensorIteratorBase&, at::CUDAGeneratorImpl*, at::native::templates::cuda::normal_and_transform<c10::Half, float, at::CUDAGeneratorImpl*, at::native::templates::cuda::normal_kernel<at::CUDAGeneratorImpl*>(at::TensorBase const&, double, double, at::CUDAGeneratorImpl*)::{lambda()#1}::operator()() const::{lambda()#3}::operator()() const::{lambda(float)#1}>(at::TensorIteratorBase&, at::CUDAGeneratorImpl*, at::native::templates::cuda::normal_kernel<at::CUDAGeneratorImpl*>(at::TensorBase const&, double, double, at::CUDAGeneratorImpl*)::{lambda()#1}::operator()() const::{lambda()#3}::operator()() const::{lambda(float)#1})::{lambda(hiprandStatePhilox4_32_10*)#2} const&, at::native::templates::cuda::normal_kernel<at::CUDAGeneratorImpl*>(at::TensorBase const&, double, double, at::CUDAGeneratorImpl*)::{lambda()#1}::operator()() const::{lambda()#3}::operator()() const::{lambda(float)#1})::{lambda(int, float)#1}>(long, at::PhiloxCudaState, at::native::templates::cuda::normal_and_transform<c10::Half, float, at::CUDAGeneratorImpl*, at::native::templates::cuda::normal_kernel<at::CUDAGeneratorImpl*>(at::TensorBase const&, double, double, at::CUDAGeneratorImpl*)::{lambda()#1}::operator()() const::{lambda()#3}::operator()() const::{lambda(float)#1}>(at::TensorIteratorBase&, at::CUDAGeneratorImpl*, at::native::templates::cuda::normal_kernel<at::CUDAGeneratorImpl*>(at::TensorBase const&, double, double, at::CUDAGeneratorImpl*)::{lambda()#1}::operator()() const::{lambda()#3}::operator()() const::{lambda(float)#1})::{lambda(hiprandStatePhilox4_32_10*)#2}, at::native::(anonymous namespace)::distribution_nullary_kernel<c10::Half, float, HIP_vector_type<float, 4u>, at::CUDAGeneratorImpl*, at::native::templates::cuda::normal_and_transform<c10::Half, float, at::CUDAGeneratorImpl*, at::native::templates::cuda::normal_kernel<at::CUDAGeneratorImpl*>(at::TensorBase const&, double, double, at::CUDAGeneratorImpl*)::{lambda()#1}::operator()() const::{lambda()#3}::operator()() const::{lambda(float)#1}>(at::TensorIteratorBase&, at::CUDAGeneratorImpl*, at::native::templates::cuda::normal_kernel<at::CUDAGeneratorImpl*>(at::TensorBase const&, double, double, at::CUDAGeneratorImpl*)::{lambda()#1}::operator()() const::{lambda()#3}::operator()() const::{lambda(float)#1})::{lambda(hiprandStatePhilox4_32_10*)#2}, at::native::templates::cuda::normal_kernel<at::CUDAGeneratorImpl*>(at::TensorBase const&, double, double, at::CUDAGeneratorImpl*)::{lambda()#1}::operator()() const::{lambda()#3}::operator()() const::{lambda(float)#1}>(at::TensorIteratorBase&, at::CUDAGeneratorImpl*, at::native::templates::cuda::normal_and_transform<c10::Half, float, at::CUDAGeneratorImpl*, at::native::templates::cuda::normal_kernel<at::CUDAGeneratorImpl*>(at::TensorBase const&, double, double, at::CUDAGeneratorImpl*)::{lambda()#1}::operator()() const::{lambda()#3}::operator()() const::{lambda(float)#1}>(at::TensorIteratorBase&, at::CUDAGeneratorImpl*, at::native::templates::cuda::normal_kernel<at::CUDAGeneratorImpl*>(at::TensorBase const&, double, double, at::CUDAGeneratorImpl*)::{lambda()#1}::operator()() const::{lambda()#3}::operator()() const::{lambda(float)#1})::{lambda(hiprandStatePhilox4_32_10*)#2} const&, at::native::templates::cuda::normal_kernel<at::CUDAGeneratorImpl*>(at::TensorBase const&, double, double, at::CUDAGeneratorImpl*)::{lambda()#1}::operator()() const::{lambda()#3}::operator()() const::{lambda(float)#1})::{lambda(int, float)#1})",25,700762256755548,700762256797645,0,0,256,1,1,622592,1,1
"KERNEL_DISPATCH",8,1,176454,26,15,"void at::native::(anonymous namespace)::distribution_elementwise_grid_stride_kernel<float, 4, at::native::templates::cuda::normal_and_transform<c10::Half, float, at::CUDAGeneratorImpl*, at::native::templates::cuda::normal_kernel<at::CUDAGeneratorImpl*>(at::TensorBase const&, double, double, at::CUDAGeneratorImpl*)::{lambda()#1}::operator()() const::{lambda()#3}::operator()() const::{lambda(float)#1}>(at::TensorIteratorBase&, at::CUDAGeneratorImpl*, at::native::templates::cuda::normal_kernel<at::CUDAGeneratorImpl*>(at::TensorBase const&, double, double, at::CUDAGeneratorImpl*)::{lambda()#1}::operator()() const::{lambda()#3}::operator()() const::{lambda(float)#1})::{lambda(hiprandStatePhilox4_32_10*)#2}, at::native::(anonymous namespace)::distribution_nullary_kernel<c10::Half, float, HIP_vector_type<float, 4u>, at::CUDAGeneratorImpl*, at::native::templates::cuda::normal_and_transform<c10::Half, float, at::CUDAGeneratorImpl*, at::native::templates::cuda::normal_kernel<at::CUDAGeneratorImpl*>(at::TensorBase const&, double, double, at::CUDAGeneratorImpl*)::{lambda()#1}::operator()() const::{lambda()#3}::operator()() const::{lambda(float)#1}>(at::TensorIteratorBase&, at::CUDAGeneratorImpl*, at::native::templates::cuda::normal_kernel<at::CUDAGeneratorImpl*>(at::TensorBase const&, double, double, at::CUDAGeneratorImpl*)::{lambda()#1}::operator()() const::{lambda()#3}::operator()() const::{lambda(float)#1})::{lambda(hiprandStatePhilox4_32_10*)#2}, at::native::templates::cuda::normal_kernel<at::CUDAGeneratorImpl*>(at::TensorBase const&, double, double, at::CUDAGeneratorImpl*)::{lambda()#1}::operator()() const::{lambda()#3}::operator()() const::{lambda(float)#1}>(at::TensorIteratorBase&, at::CUDAGeneratorImpl*, at::native::templates::cuda::normal_and_transform<c10::Half, float, at::CUDAGeneratorImpl*, at::native::templates::cuda::normal_kernel<at::CUDAGeneratorImpl*>(at::TensorBase const&, double, double, at::CUDAGeneratorImpl*)::{lambda()#1}::operator()() const::{lambda()#3}::operator()() const::{lambda(float)#1}>(at::TensorIteratorBase&, at::CUDAGeneratorImpl*, at::native::templates::cuda::normal_kernel<at::CUDAGeneratorImpl*>(at::TensorBase const&, double, double, at::CUDAGeneratorImpl*)::{lambda()#1}::operator()() const::{lambda()#3}::operator()() const::{lambda(float)#1})::{lambda(hiprandStatePhilox4_32_10*)#2} const&, at::native::templates::cuda::normal_kernel<at::CUDAGeneratorImpl*>(at::TensorBase const&, double, double, at::CUDAGeneratorImpl*)::{lambda()#1}::operator()() const::{lambda()#3}::operator()() const::{lambda(float)#1})::{lambda(int, float)#1}>(long, at::PhiloxCudaState, at::native::templates::cuda::normal_and_transform<c10::Half, float, at::CUDAGeneratorImpl*, at::native::templates::cuda::normal_kernel<at::CUDAGeneratorImpl*>(at::TensorBase const&, double, double, at::CUDAGeneratorImpl*)::{lambda()#1}::operator()() const::{lambda()#3}::operator()() const::{lambda(float)#1}>(at::TensorIteratorBase&, at::CUDAGeneratorImpl*, at::native::templates::cuda::normal_kernel<at::CUDAGeneratorImpl*>(at::TensorBase const&, double, double, at::CUDAGeneratorImpl*)::{lambda()#1}::operator()() const::{lambda()#3}::operator()() const::{lambda(float)#1})::{lambda(hiprandStatePhilox4_32_10*)#2}, at::native::(anonymous namespace)::distribution_nullary_kernel<c10::Half, float, HIP_vector_type<float, 4u>, at::CUDAGeneratorImpl*, at::native::templates::cuda::normal_and_transform<c10::Half, float, at::CUDAGeneratorImpl*, at::native::templates::cuda::normal_kernel<at::CUDAGeneratorImpl*>(at::TensorBase const&, double, double, at::CUDAGeneratorImpl*)::{lambda()#1}::operator()() const::{lambda()#3}::operator()() const::{lambda(float)#1}>(at::TensorIteratorBase&, at::CUDAGeneratorImpl*, at::native::templates::cuda::normal_kernel<at::CUDAGeneratorImpl*>(at::TensorBase const&, double, double, at::CUDAGeneratorImpl*)::{lambda()#1}::operator()() const::{lambda()#3}::operator()() const::{lambda(float)#1})::{lambda(hiprandStatePhilox4_32_10*)#2}, at::native::templates::cuda::normal_kernel<at::CUDAGeneratorImpl*>(at::TensorBase const&, double, double, at::CUDAGeneratorImpl*)::{lambda()#1}::operator()() const::{lambda()#3}::operator()() const::{lambda(float)#1}>(at::TensorIteratorBase&, at::CUDAGeneratorImpl*, at::native::templates::cuda::normal_and_transform<c10::Half, float, at::CUDAGeneratorImpl*, at::native::templates::cuda::normal_kernel<at::CUDAGeneratorImpl*>(at::TensorBase const&, double, double, at::CUDAGeneratorImpl*)::{lambda()#1}::operator()() const::{lambda()#3}::operator()() const::{lambda(float)#1}>(at::TensorIteratorBase&, at::CUDAGeneratorImpl*, at::native::templates::cuda::normal_kernel<at::CUDAGeneratorImpl*>(at::TensorBase const&, double, double, at::CUDAGeneratorImpl*)::{lambda()#1}::operator()() const::{lambda()#3}::operator()() const::{lambda(float)#1})::{lambda(hiprandStatePhilox4_32_10*)#2} const&, at::native::templates::cuda::normal_kernel<at::CUDAGeneratorImpl*>(at::TensorBase const&, double, double, at::CUDAGeneratorImpl*)::{lambda()#1}::operator()() const::{lambda()#3}::operator()() const::{lambda(float)#1})::{lambda(int, float)#1})",26,700762256801854,700762256804661,0,0,256,1,1,32768,1,1
"KERNEL_DISPATCH",8,1,176454,27,15,"void at::native::(anonymous namespace)::distribution_elementwise_grid_stride_kernel<float, 4, at::native::templates::cuda::normal_and_transform<c10::Half, float, at::CUDAGeneratorImpl*, at::native::templates::cuda::normal_kernel<at::CUDAGeneratorImpl*>(at::TensorBase const&, double, double, at::CUDAGeneratorImpl*)::{lambda()#1}::operator()() const::{lambda()#3}::operator()() const::{lambda(float)#1}>(at::TensorIteratorBase&, at::CUDAGeneratorImpl*, at::native::templates::cuda::normal_kernel<at::CUDAGeneratorImpl*>(at::TensorBase const&, double, double, at::CUDAGeneratorImpl*)::{lambda()#1}::operator()() const::{lambda()#3}::operator()() const::{lambda(float)#1})::{lambda(hiprandStatePhilox4_32_10*)#2}, at::native::(anonymous namespace)::distribution_nullary_kernel<c10::Half, float, HIP_vector_type<float, 4u>, at::CUDAGeneratorImpl*, at::native::templates::cuda::normal_and_transform<c10::Half, float, at::CUDAGeneratorImpl*, at::native::templates::cuda::normal_kernel<at::CUDAGeneratorImpl*>(at::TensorBase const&, double, double, at::CUDAGeneratorImpl*)::{lambda()#1}::operator()() const::{lambda()#3}::operator()() const::{lambda(float)#1}>(at::TensorIteratorBase&, at::CUDAGeneratorImpl*, at::native::templates::cuda::normal_kernel<at::CUDAGeneratorImpl*>(at::TensorBase const&, double, double, at::CUDAGeneratorImpl*)::{lambda()#1}::operator()() const::{lambda()#3}::operator()() const::{lambda(float)#1})::{lambda(hiprandStatePhilox4_32_10*)#2}, at::native::templates::cuda::normal_kernel<at::CUDAGeneratorImpl*>(at::TensorBase const&, double, double, at::CUDAGeneratorImpl*)::{lambda()#1}::operator()() const::{lambda()#3}::operator()() const::{lambda(float)#1}>(at::TensorIteratorBase&, at::CUDAGeneratorImpl*, at::native::templates::cuda::normal_and_transform<c10::Half, float, at::CUDAGeneratorImpl*, at::native::templates::cuda::normal_kernel<at::CUDAGeneratorImpl*>(at::TensorBase const&, double, double, at::CUDAGeneratorImpl*)::{lambda()#1}::operator()() const::{lambda()#3}::operator()() const::{lambda(float)#1}>(at::TensorIteratorBase&, at::CUDAGeneratorImpl*, at::native::templates::cuda::normal_kernel<at::CUDAGeneratorImpl*>(at::TensorBase const&, double, double, at::CUDAGeneratorImpl*)::{lambda()#1}::operator()() const::{lambda()#3}::operator()() const::{lambda(float)#1})::{lambda(hiprandStatePhilox4_32_10*)#2} const&, at::native::templates::cuda::normal_kernel<at::CUDAGeneratorImpl*>(at::TensorBase const&, double, double, at::CUDAGeneratorImpl*)::{lambda()#1}::operator()() const::{lambda()#3}::operator()() const::{lambda(float)#1})::{lambda(int, float)#1}>(long, at::PhiloxCudaState, at::native::templates::cuda::normal_and_transform<c10::Half, float, at::CUDAGeneratorImpl*, at::native::templates::cuda::normal_kernel<at::CUDAGeneratorImpl*>(at::TensorBase const&, double, double, at::CUDAGeneratorImpl*)::{lambda()#1}::operator()() const::{lambda()#3}::operator()() const::{lambda(float)#1}>(at::TensorIteratorBase&, at::CUDAGeneratorImpl*, at::native::templates::cuda::normal_kernel<at::CUDAGeneratorImpl*>(at::TensorBase const&, double, double, at::CUDAGeneratorImpl*)::{lambda()#1}::operator()() const::{lambda()#3}::operator()() const::{lambda(float)#1})::{lambda(hiprandStatePhilox4_32_10*)#2}, at::native::(anonymous namespace)::distribution_nullary_kernel<c10::Half, float, HIP_vector_type<float, 4u>, at::CUDAGeneratorImpl*, at::native::templates::cuda::normal_and_transform<c10::Half, float, at::CUDAGeneratorImpl*, at::native::templates::cuda::normal_kernel<at::CUDAGeneratorImpl*>(at::TensorBase const&, double, double, at::CUDAGeneratorImpl*)::{lambda()#1}::operator()() const::{lambda()#3}::operator()() const::{lambda(float)#1}>(at::TensorIteratorBase&, at::CUDAGeneratorImpl*, at::native::templates::cuda::normal_kernel<at::CUDAGeneratorImpl*>(at::TensorBase const&, double, double, at::CUDAGeneratorImpl*)::{lambda()#1}::operator()() const::{lambda()#3}::operator()() const::{lambda(float)#1})::{lambda(hiprandStatePhilox4_32_10*)#2}, at::native::templates::cuda::normal_kernel<at::CUDAGeneratorImpl*>(at::TensorBase const&, double, double, at::CUDAGeneratorImpl*)::{lambda()#1}::operator()() const::{lambda()#3}::operator()() const::{lambda(float)#1}>(at::TensorIteratorBase&, at::CUDAGeneratorImpl*, at::native::templates::cuda::normal_and_transform<c10::Half, float, at::CUDAGeneratorImpl*, at::native::templates::cuda::normal_kernel<at::CUDAGeneratorImpl*>(at::TensorBase const&, double, double, at::CUDAGeneratorImpl*)::{lambda()#1}::operator()() const::{lambda()#3}::operator()() const::{lambda(float)#1}>(at::TensorIteratorBase&, at::CUDAGeneratorImpl*, at::native::templates::cuda::normal_kernel<at::CUDAGeneratorImpl*>(at::TensorBase const&, double, double, at::CUDAGeneratorImpl*)::{lambda()#1}::operator()() const::{lambda()#3}::operator()() const::{lambda(float)#1})::{lambda(hiprandStatePhilox4_32_10*)#2} const&, at::native::templates::cuda::normal_kernel<at::CUDAGeneratorImpl*>(at::TensorBase const&, double, double, at::CUDAGeneratorImpl*)::{lambda()#1}::operator()() const::{lambda()#3}::operator()() const::{lambda(float)#1})::{lambda(int, float)#1})",27,700762256804661,700762256809873,0,0,256,1,1,32768,1,1
"KERNEL_DISPATCH",8,1,176454,28,15,"void at::native::(anonymous namespace)::distribution_elementwise_grid_stride_kernel<float, 4, at::native::templates::cuda::normal_and_transform<c10::Half, float, at::CUDAGeneratorImpl*, at::native::templates::cuda::normal_kernel<at::CUDAGeneratorImpl*>(at::TensorBase const&, double, double, at::CUDAGeneratorImpl*)::{lambda()#1}::operator()() const::{lambda()#3}::operator()() const::{lambda(float)#1}>(at::TensorIteratorBase&, at::CUDAGeneratorImpl*, at::native::templates::cuda::normal_kernel<at::CUDAGeneratorImpl*>(at::TensorBase const&, double, double, at::CUDAGeneratorImpl*)::{lambda()#1}::operator()() const::{lambda()#3}::operator()() const::{lambda(float)#1})::{lambda(hiprandStatePhilox4_32_10*)#2}, at::native::(anonymous namespace)::distribution_nullary_kernel<c10::Half, float, HIP_vector_type<float, 4u>, at::CUDAGeneratorImpl*, at::native::templates::cuda::normal_and_transform<c10::Half, float, at::CUDAGeneratorImpl*, at::native::templates::cuda::normal_kernel<at::CUDAGeneratorImpl*>(at::TensorBase const&, double, double, at::CUDAGeneratorImpl*)::{lambda()#1}::operator()() const::{lambda()#3}::operator()() const::{lambda(float)#1}>(at::TensorIteratorBase&, at::CUDAGeneratorImpl*, at::native::templates::cuda::normal_kernel<at::CUDAGeneratorImpl*>(at::TensorBase const&, double, double, at::CUDAGeneratorImpl*)::{lambda()#1}::operator()() const::{lambda()#3}::operator()() const::{lambda(float)#1})::{lambda(hiprandStatePhilox4_32_10*)#2}, at::native::templates::cuda::normal_kernel<at::CUDAGeneratorImpl*>(at::TensorBase const&, double, double, at::CUDAGeneratorImpl*)::{lambda()#1}::operator()() const::{lambda()#3}::operator()() const::{lambda(float)#1}>(at::TensorIteratorBase&, at::CUDAGeneratorImpl*, at::native::templates::cuda::normal_and_transform<c10::Half, float, at::CUDAGeneratorImpl*, at::native::templates::cuda::normal_kernel<at::CUDAGeneratorImpl*>(at::TensorBase const&, double, double, at::CUDAGeneratorImpl*)::{lambda()#1}::operator()() const::{lambda()#3}::operator()() const::{lambda(float)#1}>(at::TensorIteratorBase&, at::CUDAGeneratorImpl*, at::native::templates::cuda::normal_kernel<at::CUDAGeneratorImpl*>(at::TensorBase const&, double, double, at::CUDAGeneratorImpl*)::{lambda()#1}::operator()() const::{lambda()#3}::operator()() const::{lambda(float)#1})::{lambda(hiprandStatePhilox4_32_10*)#2} const&, at::native::templates::cuda::normal_kernel<at::CUDAGeneratorImpl*>(at::TensorBase const&, double, double, at::CUDAGeneratorImpl*)::{lambda()#1}::operator()() const::{lambda()#3}::operator()() const::{lambda(float)#1})::{lambda(int, float)#1}>(long, at::PhiloxCudaState, at::native::templates::cuda::normal_and_transform<c10::Half, float, at::CUDAGeneratorImpl*, at::native::templates::cuda::normal_kernel<at::CUDAGeneratorImpl*>(at::TensorBase const&, double, double, at::CUDAGeneratorImpl*)::{lambda()#1}::operator()() const::{lambda()#3}::operator()() const::{lambda(float)#1}>(at::TensorIteratorBase&, at::CUDAGeneratorImpl*, at::native::templates::cuda::normal_kernel<at::CUDAGeneratorImpl*>(at::TensorBase const&, double, double, at::CUDAGeneratorImpl*)::{lambda()#1}::operator()() const::{lambda()#3}::operator()() const::{lambda(float)#1})::{lambda(hiprandStatePhilox4_32_10*)#2}, at::native::(anonymous namespace)::distribution_nullary_kernel<c10::Half, float, HIP_vector_type<float, 4u>, at::CUDAGeneratorImpl*, at::native::templates::cuda::normal_and_transform<c10::Half, float, at::CUDAGeneratorImpl*, at::native::templates::cuda::normal_kernel<at::CUDAGeneratorImpl*>(at::TensorBase const&, double, double, at::CUDAGeneratorImpl*)::{lambda()#1}::operator()() const::{lambda()#3}::operator()() const::{lambda(float)#1}>(at::TensorIteratorBase&, at::CUDAGeneratorImpl*, at::native::templates::cuda::normal_kernel<at::CUDAGeneratorImpl*>(at::TensorBase const&, double, double, at::CUDAGeneratorImpl*)::{lambda()#1}::operator()() const::{lambda()#3}::operator()() const::{lambda(float)#1})::{lambda(hiprandStatePhilox4_32_10*)#2}, at::native::templates::cuda::normal_kernel<at::CUDAGeneratorImpl*>(at::TensorBase const&, double, double, at::CUDAGeneratorImpl*)::{lambda()#1}::operator()() const::{lambda()#3}::operator()() const::{lambda(float)#1}>(at::TensorIteratorBase&, at::CUDAGeneratorImpl*, at::native::templates::cuda::normal_and_transform<c10::Half, float, at::CUDAGeneratorImpl*, at::native::templates::cuda::normal_kernel<at::CUDAGeneratorImpl*>(at::TensorBase const&, double, double, at::CUDAGeneratorImpl*)::{lambda()#1}::operator()() const::{lambda()#3}::operator()() const::{lambda(float)#1}>(at::TensorIteratorBase&, at::CUDAGeneratorImpl*, at::native::templates::cuda::normal_kernel<at::CUDAGeneratorImpl*>(at::TensorBase const&, double, double, at::CUDAGeneratorImpl*)::{lambda()#1}::operator()() const::{lambda()#3}::operator()() const::{lambda(float)#1})::{lambda(hiprandStatePhilox4_32_10*)#2} const&, at::native::templates::cuda::normal_kernel<at::CUDAGeneratorImpl*>(at::TensorBase const&, double, double, at::CUDAGeneratorImpl*)::{lambda()#1}::operator()() const::{lambda()#3}::operator()() const::{lambda(float)#1})::{lambda(int, float)#1})",28,700762256809873,700762256815125,0,0,256,1,1,1024,1,1
"KERNEL_DISPATCH",8,1,176454,29,15,"void at::native::(anonymous namespace)::distribution_elementwise_grid_stride_kernel<float, 4, at::native::templates::cuda::normal_and_transform<c10::Half, float, at::CUDAGeneratorImpl*, at::native::templates::cuda::normal_kernel<at::CUDAGeneratorImpl*>(at::TensorBase const&, double, double, at::CUDAGeneratorImpl*)::{lambda()#1}::operator()() const::{lambda()#3}::operator()() const::{lambda(float)#1}>(at::TensorIteratorBase&, at::CUDAGeneratorImpl*, at::native::templates::cuda::normal_kernel<at::CUDAGeneratorImpl*>(at::TensorBase const&, double, double, at::CUDAGeneratorImpl*)::{lambda()#1}::operator()() const::{lambda()#3}::operator()() const::{lambda(float)#1})::{lambda(hiprandStatePhilox4_32_10*)#2}, at::native::(anonymous namespace)::distribution_nullary_kernel<c10::Half, float, HIP_vector_type<float, 4u>, at::CUDAGeneratorImpl*, at::native::templates::cuda::normal_and_transform<c10::Half, float, at::CUDAGeneratorImpl*, at::native::templates::cuda::normal_kernel<at::CUDAGeneratorImpl*>(at::TensorBase const&, double, double, at::CUDAGeneratorImpl*)::{lambda()#1}::operator()() const::{lambda()#3}::operator()() const::{lambda(float)#1}>(at::TensorIteratorBase&, at::CUDAGeneratorImpl*, at::native::templates::cuda::normal_kernel<at::CUDAGeneratorImpl*>(at::TensorBase const&, double, double, at::CUDAGeneratorImpl*)::{lambda()#1}::operator()() const::{lambda()#3}::operator()() const::{lambda(float)#1})::{lambda(hiprandStatePhilox4_32_10*)#2}, at::native::templates::cuda::normal_kernel<at::CUDAGeneratorImpl*>(at::TensorBase const&, double, double, at::CUDAGeneratorImpl*)::{lambda()#1}::operator()() const::{lambda()#3}::operator()() const::{lambda(float)#1}>(at::TensorIteratorBase&, at::CUDAGeneratorImpl*, at::native::templates::cuda::normal_and_transform<c10::Half, float, at::CUDAGeneratorImpl*, at::native::templates::cuda::normal_kernel<at::CUDAGeneratorImpl*>(at::TensorBase const&, double, double, at::CUDAGeneratorImpl*)::{lambda()#1}::operator()() const::{lambda()#3}::operator()() const::{lambda(float)#1}>(at::TensorIteratorBase&, at::CUDAGeneratorImpl*, at::native::templates::cuda::normal_kernel<at::CUDAGeneratorImpl*>(at::TensorBase const&, double, double, at::CUDAGeneratorImpl*)::{lambda()#1}::operator()() const::{lambda()#3}::operator()() const::{lambda(float)#1})::{lambda(hiprandStatePhilox4_32_10*)#2} const&, at::native::templates::cuda::normal_kernel<at::CUDAGeneratorImpl*>(at::TensorBase const&, double, double, at::CUDAGeneratorImpl*)::{lambda()#1}::operator()() const::{lambda()#3}::operator()() const::{lambda(float)#1})::{lambda(int, float)#1}>(long, at::PhiloxCudaState, at::native::templates::cuda::normal_and_transform<c10::Half, float, at::CUDAGeneratorImpl*, at::native::templates::cuda::normal_kernel<at::CUDAGeneratorImpl*>(at::TensorBase const&, double, double, at::CUDAGeneratorImpl*)::{lambda()#1}::operator()() const::{lambda()#3}::operator()() const::{lambda(float)#1}>(at::TensorIteratorBase&, at::CUDAGeneratorImpl*, at::native::templates::cuda::normal_kernel<at::CUDAGeneratorImpl*>(at::TensorBase const&, double, double, at::CUDAGeneratorImpl*)::{lambda()#1}::operator()() const::{lambda()#3}::operator()() const::{lambda(float)#1})::{lambda(hiprandStatePhilox4_32_10*)#2}, at::native::(anonymous namespace)::distribution_nullary_kernel<c10::Half, float, HIP_vector_type<float, 4u>, at::CUDAGeneratorImpl*, at::native::templates::cuda::normal_and_transform<c10::Half, float, at::CUDAGeneratorImpl*, at::native::templates::cuda::normal_kernel<at::CUDAGeneratorImpl*>(at::TensorBase const&, double, double, at::CUDAGeneratorImpl*)::{lambda()#1}::operator()() const::{lambda()#3}::operator()() const::{lambda(float)#1}>(at::TensorIteratorBase&, at::CUDAGeneratorImpl*, at::native::templates::cuda::normal_kernel<at::CUDAGeneratorImpl*>(at::TensorBase const&, double, double, at::CUDAGeneratorImpl*)::{lambda()#1}::operator()() const::{lambda()#3}::operator()() const::{lambda(float)#1})::{lambda(hiprandStatePhilox4_32_10*)#2}, at::native::templates::cuda::normal_kernel<at::CUDAGeneratorImpl*>(at::TensorBase const&, double, double, at::CUDAGeneratorImpl*)::{lambda()#1}::operator()() const::{lambda()#3}::operator()() const::{lambda(float)#1}>(at::TensorIteratorBase&, at::CUDAGeneratorImpl*, at::native::templates::cuda::normal_and_transform<c10::Half, float, at::CUDAGeneratorImpl*, at::native::templates::cuda::normal_kernel<at::CUDAGeneratorImpl*>(at::TensorBase const&, double, double, at::CUDAGeneratorImpl*)::{lambda()#1}::operator()() const::{lambda()#3}::operator()() const::{lambda(float)#1}>(at::TensorIteratorBase&, at::CUDAGeneratorImpl*, at::native::templates::cuda::normal_kernel<at::CUDAGeneratorImpl*>(at::TensorBase const&, double, double, at::CUDAGeneratorImpl*)::{lambda()#1}::operator()() const::{lambda()#3}::operator()() const::{lambda(float)#1})::{lambda(hiprandStatePhilox4_32_10*)#2} const&, at::native::templates::cuda::normal_kernel<at::CUDAGeneratorImpl*>(at::TensorBase const&, double, double, at::CUDAGeneratorImpl*)::{lambda()#1}::operator()() const::{lambda()#3}::operator()() const::{lambda(float)#1})::{lambda(int, float)#1})",29,700762256815125,700762256820778,0,0,256,1,1,524288,1,1
"KERNEL_DISPATCH",8,1,176454,30,15,"void at::native::(anonymous namespace)::distribution_elementwise_grid_stride_kernel<float, 4, at::native::templates::cuda::normal_and_transform<c10::Half, float, at::CUDAGeneratorImpl*, at::native::templates::cuda::normal_kernel<at::CUDAGeneratorImpl*>(at::TensorBase const&, double, double, at::CUDAGeneratorImpl*)::{lambda()#1}::operator()() const::{lambda()#3}::operator()() const::{lambda(float)#1}>(at::TensorIteratorBase&, at::CUDAGeneratorImpl*, at::native::templates::cuda::normal_kernel<at::CUDAGeneratorImpl*>(at::TensorBase const&, double, double, at::CUDAGeneratorImpl*)::{lambda()#1}::operator()() const::{lambda()#3}::operator()() const::{lambda(float)#1})::{lambda(hiprandStatePhilox4_32_10*)#2}, at::native::(anonymous namespace)::distribution_nullary_kernel<c10::Half, float, HIP_vector_type<float, 4u>, at::CUDAGeneratorImpl*, at::native::templates::cuda::normal_and_transform<c10::Half, float, at::CUDAGeneratorImpl*, at::native::templates::cuda::normal_kernel<at::CUDAGeneratorImpl*>(at::TensorBase const&, double, double, at::CUDAGeneratorImpl*)::{lambda()#1}::operator()() const::{lambda()#3}::operator()() const::{lambda(float)#1}>(at::TensorIteratorBase&, at::CUDAGeneratorImpl*, at::native::templates::cuda::normal_kernel<at::CUDAGeneratorImpl*>(at::TensorBase const&, double, double, at::CUDAGeneratorImpl*)::{lambda()#1}::operator()() const::{lambda()#3}::operator()() const::{lambda(float)#1})::{lambda(hiprandStatePhilox4_32_10*)#2}, at::native::templates::cuda::normal_kernel<at::CUDAGeneratorImpl*>(at::TensorBase const&, double, double, at::CUDAGeneratorImpl*)::{lambda()#1}::operator()() const::{lambda()#3}::operator()() const::{lambda(float)#1}>(at::TensorIteratorBase&, at::CUDAGeneratorImpl*, at::native::templates::cuda::normal_and_transform<c10::Half, float, at::CUDAGeneratorImpl*, at::native::templates::cuda::normal_kernel<at::CUDAGeneratorImpl*>(at::TensorBase const&, double, double, at::CUDAGeneratorImpl*)::{lambda()#1}::operator()() const::{lambda()#3}::operator()() const::{lambda(float)#1}>(at::TensorIteratorBase&, at::CUDAGeneratorImpl*, at::native::templates::cuda::normal_kernel<at::CUDAGeneratorImpl*>(at::TensorBase const&, double, double, at::CUDAGeneratorImpl*)::{lambda()#1}::operator()() const::{lambda()#3}::operator()() const::{lambda(float)#1})::{lambda(hiprandStatePhilox4_32_10*)#2} const&, at::native::templates::cuda::normal_kernel<at::CUDAGeneratorImpl*>(at::TensorBase const&, double, double, at::CUDAGeneratorImpl*)::{lambda()#1}::operator()() const::{lambda()#3}::operator()() const::{lambda(float)#1})::{lambda(int, float)#1}>(long, at::PhiloxCudaState, at::native::templates::cuda::normal_and_transform<c10::Half, float, at::CUDAGeneratorImpl*, at::native::templates::cuda::normal_kernel<at::CUDAGeneratorImpl*>(at::TensorBase const&, double, double, at::CUDAGeneratorImpl*)::{lambda()#1}::operator()() const::{lambda()#3}::operator()() const::{lambda(float)#1}>(at::TensorIteratorBase&, at::CUDAGeneratorImpl*, at::native::templates::cuda::normal_kernel<at::CUDAGeneratorImpl*>(at::TensorBase const&, double, double, at::CUDAGeneratorImpl*)::{lambda()#1}::operator()() const::{lambda()#3}::operator()() const::{lambda(float)#1})::{lambda(hiprandStatePhilox4_32_10*)#2}, at::native::(anonymous namespace)::distribution_nullary_kernel<c10::Half, float, HIP_vector_type<float, 4u>, at::CUDAGeneratorImpl*, at::native::templates::cuda::normal_and_transform<c10::Half, float, at::CUDAGeneratorImpl*, at::native::templates::cuda::normal_kernel<at::CUDAGeneratorImpl*>(at::TensorBase const&, double, double, at::CUDAGeneratorImpl*)::{lambda()#1}::operator()() const::{lambda()#3}::operator()() const::{lambda(float)#1}>(at::TensorIteratorBase&, at::CUDAGeneratorImpl*, at::native::templates::cuda::normal_kernel<at::CUDAGeneratorImpl*>(at::TensorBase const&, double, double, at::CUDAGeneratorImpl*)::{lambda()#1}::operator()() const::{lambda()#3}::operator()() const::{lambda(float)#1})::{lambda(hiprandStatePhilox4_32_10*)#2}, at::native::templates::cuda::normal_kernel<at::CUDAGeneratorImpl*>(at::TensorBase const&, double, double, at::CUDAGeneratorImpl*)::{lambda()#1}::operator()() const::{lambda()#3}::operator()() const::{lambda(float)#1}>(at::TensorIteratorBase&, at::CUDAGeneratorImpl*, at::native::templates::cuda::normal_and_transform<c10::Half, float, at::CUDAGeneratorImpl*, at::native::templates::cuda::normal_kernel<at::CUDAGeneratorImpl*>(at::TensorBase const&, double, double, at::CUDAGeneratorImpl*)::{lambda()#1}::operator()() const::{lambda()#3}::operator()() const::{lambda(float)#1}>(at::TensorIteratorBase&, at::CUDAGeneratorImpl*, at::native::templates::cuda::normal_kernel<at::CUDAGeneratorImpl*>(at::TensorBase const&, double, double, at::CUDAGeneratorImpl*)::{lambda()#1}::operator()() const::{lambda()#3}::operator()() const::{lambda(float)#1})::{lambda(hiprandStatePhilox4_32_10*)#2} const&, at::native::templates::cuda::normal_kernel<at::CUDAGeneratorImpl*>(at::TensorBase const&, double, double, at::CUDAGeneratorImpl*)::{lambda()#1}::operator()() const::{lambda()#3}::operator()() const::{lambda(float)#1})::{lambda(int, float)#1})",30,700762256825990,700762256835972,0,0,256,1,1,524288,1,1
"KERNEL_DISPATCH",8,1,176454,31,15,"void at::native::(anonymous namespace)::distribution_elementwise_grid_stride_kernel<float, 4, at::native::templates::cuda::normal_and_transform<c10::Half, float, at::CUDAGeneratorImpl*, at::native::templates::cuda::normal_kernel<at::CUDAGeneratorImpl*>(at::TensorBase const&, double, double, at::CUDAGeneratorImpl*)::{lambda()#1}::operator()() const::{lambda()#3}::operator()() const::{lambda(float)#1}>(at::TensorIteratorBase&, at::CUDAGeneratorImpl*, at::native::templates::cuda::normal_kernel<at::CUDAGeneratorImpl*>(at::TensorBase const&, double, double, at::CUDAGeneratorImpl*)::{lambda()#1}::operator()() const::{lambda()#3}::operator()() const::{lambda(float)#1})::{lambda(hiprandStatePhilox4_32_10*)#2}, at::native::(anonymous namespace)::distribution_nullary_kernel<c10::Half, float, HIP_vector_type<float, 4u>, at::CUDAGeneratorImpl*, at::native::templates::cuda::normal_and_transform<c10::Half, float, at::CUDAGeneratorImpl*, at::native::templates::cuda::normal_kernel<at::CUDAGeneratorImpl*>(at::TensorBase const&, double, double, at::CUDAGeneratorImpl*)::{lambda()#1}::operator()() const::{lambda()#3}::operator()() const::{lambda(float)#1}>(at::TensorIteratorBase&, at::CUDAGeneratorImpl*, at::native::templates::cuda::normal_kernel<at::CUDAGeneratorImpl*>(at::TensorBase const&, double, double, at::CUDAGeneratorImpl*)::{lambda()#1}::operator()() const::{lambda()#3}::operator()() const::{lambda(float)#1})::{lambda(hiprandStatePhilox4_32_10*)#2}, at::native::templates::cuda::normal_kernel<at::CUDAGeneratorImpl*>(at::TensorBase const&, double, double, at::CUDAGeneratorImpl*)::{lambda()#1}::operator()() const::{lambda()#3}::operator()() const::{lambda(float)#1}>(at::TensorIteratorBase&, at::CUDAGeneratorImpl*, at::native::templates::cuda::normal_and_transform<c10::Half, float, at::CUDAGeneratorImpl*, at::native::templates::cuda::normal_kernel<at::CUDAGeneratorImpl*>(at::TensorBase const&, double, double, at::CUDAGeneratorImpl*)::{lambda()#1}::operator()() const::{lambda()#3}::operator()() const::{lambda(float)#1}>(at::TensorIteratorBase&, at::CUDAGeneratorImpl*, at::native::templates::cuda::normal_kernel<at::CUDAGeneratorImpl*>(at::TensorBase const&, double, double, at::CUDAGeneratorImpl*)::{lambda()#1}::operator()() const::{lambda()#3}::operator()() const::{lambda(float)#1})::{lambda(hiprandStatePhilox4_32_10*)#2} const&, at::native::templates::cuda::normal_kernel<at::CUDAGeneratorImpl*>(at::TensorBase const&, double, double, at::CUDAGeneratorImpl*)::{lambda()#1}::operator()() const::{lambda()#3}::operator()() const::{lambda(float)#1})::{lambda(int, float)#1}>(long, at::PhiloxCudaState, at::native::templates::cuda::normal_and_transform<c10::Half, float, at::CUDAGeneratorImpl*, at::native::templates::cuda::normal_kernel<at::CUDAGeneratorImpl*>(at::TensorBase const&, double, double, at::CUDAGeneratorImpl*)::{lambda()#1}::operator()() const::{lambda()#3}::operator()() const::{lambda(float)#1}>(at::TensorIteratorBase&, at::CUDAGeneratorImpl*, at::native::templates::cuda::normal_kernel<at::CUDAGeneratorImpl*>(at::TensorBase const&, double, double, at::CUDAGeneratorImpl*)::{lambda()#1}::operator()() const::{lambda()#3}::operator()() const::{lambda(float)#1})::{lambda(hiprandStatePhilox4_32_10*)#2}, at::native::(anonymous namespace)::distribution_nullary_kernel<c10::Half, float, HIP_vector_type<float, 4u>, at::CUDAGeneratorImpl*, at::native::templates::cuda::normal_and_transform<c10::Half, float, at::CUDAGeneratorImpl*, at::native::templates::cuda::normal_kernel<at::CUDAGeneratorImpl*>(at::TensorBase const&, double, double, at::CUDAGeneratorImpl*)::{lambda()#1}::operator()() const::{lambda()#3}::operator()() const::{lambda(float)#1}>(at::TensorIteratorBase&, at::CUDAGeneratorImpl*, at::native::templates::cuda::normal_kernel<at::CUDAGeneratorImpl*>(at::TensorBase const&, double, double, at::CUDAGeneratorImpl*)::{lambda()#1}::operator()() const::{lambda()#3}::operator()() const::{lambda(float)#1})::{lambda(hiprandStatePhilox4_32_10*)#2}, at::native::templates::cuda::normal_kernel<at::CUDAGeneratorImpl*>(at::TensorBase const&, double, double, at::CUDAGeneratorImpl*)::{lambda()#1}::operator()() const::{lambda()#3}::operator()() const::{lambda(float)#1}>(at::TensorIteratorBase&, at::CUDAGeneratorImpl*, at::native::templates::cuda::normal_and_transform<c10::Half, float, at::CUDAGeneratorImpl*, at::native::templates::cuda::normal_kernel<at::CUDAGeneratorImpl*>(at::TensorBase const&, double, double, at::CUDAGeneratorImpl*)::{lambda()#1}::operator()() const::{lambda()#3}::operator()() const::{lambda(float)#1}>(at::TensorIteratorBase&, at::CUDAGeneratorImpl*, at::native::templates::cuda::normal_kernel<at::CUDAGeneratorImpl*>(at::TensorBase const&, double, double, at::CUDAGeneratorImpl*)::{lambda()#1}::operator()() const::{lambda()#3}::operator()() const::{lambda(float)#1})::{lambda(hiprandStatePhilox4_32_10*)#2} const&, at::native::templates::cuda::normal_kernel<at::CUDAGeneratorImpl*>(at::TensorBase const&, double, double, at::CUDAGeneratorImpl*)::{lambda()#1}::operator()() const::{lambda()#3}::operator()() const::{lambda(float)#1})::{lambda(int, float)#1})",31,700762256840663,700762256884403,0,0,256,1,1,622592,1,1
"KERNEL_DISPATCH",8,1,176454,32,15,"void at::native::(anonymous namespace)::distribution_elementwise_grid_stride_kernel<float, 4, at::native::templates::cuda::normal_and_transform<c10::Half, float, at::CUDAGeneratorImpl*, at::native::templates::cuda::normal_kernel<at::CUDAGeneratorImpl*>(at::TensorBase const&, double, double, at::CUDAGeneratorImpl*)::{lambda()#1}::operator()() const::{lambda()#3}::operator()() const::{lambda(float)#1}>(at::TensorIteratorBase&, at::CUDAGeneratorImpl*, at::native::templates::cuda::normal_kernel<at::CUDAGeneratorImpl*>(at::TensorBase const&, double, double, at::CUDAGeneratorImpl*)::{lambda()#1}::operator()() const::{lambda()#3}::operator()() const::{lambda(float)#1})::{lambda(hiprandStatePhilox4_32_10*)#2}, at::native::(anonymous namespace)::distribution_nullary_kernel<c10::Half, float, HIP_vector_type<float, 4u>, at::CUDAGeneratorImpl*, at::native::templates::cuda::normal_and_transform<c10::Half, float, at::CUDAGeneratorImpl*, at::native::templates::cuda::normal_kernel<at::CUDAGeneratorImpl*>(at::TensorBase const&, double, double, at::CUDAGeneratorImpl*)::{lambda()#1}::operator()() const::{lambda()#3}::operator()() const::{lambda(float)#1}>(at::TensorIteratorBase&, at::CUDAGeneratorImpl*, at::native::templates::cuda::normal_kernel<at::CUDAGeneratorImpl*>(at::TensorBase const&, double, double, at::CUDAGeneratorImpl*)::{lambda()#1}::operator()() const::{lambda()#3}::operator()() const::{lambda(float)#1})::{lambda(hiprandStatePhilox4_32_10*)#2}, at::native::templates::cuda::normal_kernel<at::CUDAGeneratorImpl*>(at::TensorBase const&, double, double, at::CUDAGeneratorImpl*)::{lambda()#1}::operator()() const::{lambda()#3}::operator()() const::{lambda(float)#1}>(at::TensorIteratorBase&, at::CUDAGeneratorImpl*, at::native::templates::cuda::normal_and_transform<c10::Half, float, at::CUDAGeneratorImpl*, at::native::templates::cuda::normal_kernel<at::CUDAGeneratorImpl*>(at::TensorBase const&, double, double, at::CUDAGeneratorImpl*)::{lambda()#1}::operator()() const::{lambda()#3}::operator()() const::{lambda(float)#1}>(at::TensorIteratorBase&, at::CUDAGeneratorImpl*, at::native::templates::cuda::normal_kernel<at::CUDAGeneratorImpl*>(at::TensorBase const&, double, double, at::CUDAGeneratorImpl*)::{lambda()#1}::operator()() const::{lambda()#3}::operator()() const::{lambda(float)#1})::{lambda(hiprandStatePhilox4_32_10*)#2} const&, at::native::templates::cuda::normal_kernel<at::CUDAGeneratorImpl*>(at::TensorBase const&, double, double, at::CUDAGeneratorImpl*)::{lambda()#1}::operator()() const::{lambda()#3}::operator()() const::{lambda(float)#1})::{lambda(int, float)#1}>(long, at::PhiloxCudaState, at::native::templates::cuda::normal_and_transform<c10::Half, float, at::CUDAGeneratorImpl*, at::native::templates::cuda::normal_kernel<at::CUDAGeneratorImpl*>(at::TensorBase const&, double, double, at::CUDAGeneratorImpl*)::{lambda()#1}::operator()() const::{lambda()#3}::operator()() const::{lambda(float)#1}>(at::TensorIteratorBase&, at::CUDAGeneratorImpl*, at::native::templates::cuda::normal_kernel<at::CUDAGeneratorImpl*>(at::TensorBase const&, double, double, at::CUDAGeneratorImpl*)::{lambda()#1}::operator()() const::{lambda()#3}::operator()() const::{lambda(float)#1})::{lambda(hiprandStatePhilox4_32_10*)#2}, at::native::(anonymous namespace)::distribution_nullary_kernel<c10::Half, float, HIP_vector_type<float, 4u>, at::CUDAGeneratorImpl*, at::native::templates::cuda::normal_and_transform<c10::Half, float, at::CUDAGeneratorImpl*, at::native::templates::cuda::normal_kernel<at::CUDAGeneratorImpl*>(at::TensorBase const&, double, double, at::CUDAGeneratorImpl*)::{lambda()#1}::operator()() const::{lambda()#3}::operator()() const::{lambda(float)#1}>(at::TensorIteratorBase&, at::CUDAGeneratorImpl*, at::native::templates::cuda::normal_kernel<at::CUDAGeneratorImpl*>(at::TensorBase const&, double, double, at::CUDAGeneratorImpl*)::{lambda()#1}::operator()() const::{lambda()#3}::operator()() const::{lambda(float)#1})::{lambda(hiprandStatePhilox4_32_10*)#2}, at::native::templates::cuda::normal_kernel<at::CUDAGeneratorImpl*>(at::TensorBase const&, double, double, at::CUDAGeneratorImpl*)::{lambda()#1}::operator()() const::{lambda()#3}::operator()() const::{lambda(float)#1}>(at::TensorIteratorBase&, at::CUDAGeneratorImpl*, at::native::templates::cuda::normal_and_transform<c10::Half, float, at::CUDAGeneratorImpl*, at::native::templates::cuda::normal_kernel<at::CUDAGeneratorImpl*>(at::TensorBase const&, double, double, at::CUDAGeneratorImpl*)::{lambda()#1}::operator()() const::{lambda()#3}::operator()() const::{lambda(float)#1}>(at::TensorIteratorBase&, at::CUDAGeneratorImpl*, at::native::templates::cuda::normal_kernel<at::CUDAGeneratorImpl*>(at::TensorBase const&, double, double, at::CUDAGeneratorImpl*)::{lambda()#1}::operator()() const::{lambda()#3}::operator()() const::{lambda(float)#1})::{lambda(hiprandStatePhilox4_32_10*)#2} const&, at::native::templates::cuda::normal_kernel<at::CUDAGeneratorImpl*>(at::TensorBase const&, double, double, at::CUDAGeneratorImpl*)::{lambda()#1}::operator()() const::{lambda()#3}::operator()() const::{lambda(float)#1})::{lambda(int, float)#1})",32,700762256889455,700762256892261,0,0,256,1,1,32768,1,1
"KERNEL_DISPATCH",8,1,176454,33,15,"void at::native::(anonymous namespace)::distribution_elementwise_grid_stride_kernel<float, 4, at::native::templates::cuda::normal_and_transform<c10::Half, float, at::CUDAGeneratorImpl*, at::native::templates::cuda::normal_kernel<at::CUDAGeneratorImpl*>(at::TensorBase const&, double, double, at::CUDAGeneratorImpl*)::{lambda()#1}::operator()() const::{lambda()#3}::operator()() const::{lambda(float)#1}>(at::TensorIteratorBase&, at::CUDAGeneratorImpl*, at::native::templates::cuda::normal_kernel<at::CUDAGeneratorImpl*>(at::TensorBase const&, double, double, at::CUDAGeneratorImpl*)::{lambda()#1}::operator()() const::{lambda()#3}::operator()() const::{lambda(float)#1})::{lambda(hiprandStatePhilox4_32_10*)#2}, at::native::(anonymous namespace)::distribution_nullary_kernel<c10::Half, float, HIP_vector_type<float, 4u>, at::CUDAGeneratorImpl*, at::native::templates::cuda::normal_and_transform<c10::Half, float, at::CUDAGeneratorImpl*, at::native::templates::cuda::normal_kernel<at::CUDAGeneratorImpl*>(at::TensorBase const&, double, double, at::CUDAGeneratorImpl*)::{lambda()#1}::operator()() const::{lambda()#3}::operator()() const::{lambda(float)#1}>(at::TensorIteratorBase&, at::CUDAGeneratorImpl*, at::native::templates::cuda::normal_kernel<at::CUDAGeneratorImpl*>(at::TensorBase const&, double, double, at::CUDAGeneratorImpl*)::{lambda()#1}::operator()() const::{lambda()#3}::operator()() const::{lambda(float)#1})::{lambda(hiprandStatePhilox4_32_10*)#2}, at::native::templates::cuda::normal_kernel<at::CUDAGeneratorImpl*>(at::TensorBase const&, double, double, at::CUDAGeneratorImpl*)::{lambda()#1}::operator()() const::{lambda()#3}::operator()() const::{lambda(float)#1}>(at::TensorIteratorBase&, at::CUDAGeneratorImpl*, at::native::templates::cuda::normal_and_transform<c10::Half, float, at::CUDAGeneratorImpl*, at::native::templates::cuda::normal_kernel<at::CUDAGeneratorImpl*>(at::TensorBase const&, double, double, at::CUDAGeneratorImpl*)::{lambda()#1}::operator()() const::{lambda()#3}::operator()() const::{lambda(float)#1}>(at::TensorIteratorBase&, at::CUDAGeneratorImpl*, at::native::templates::cuda::normal_kernel<at::CUDAGeneratorImpl*>(at::TensorBase const&, double, double, at::CUDAGeneratorImpl*)::{lambda()#1}::operator()() const::{lambda()#3}::operator()() const::{lambda(float)#1})::{lambda(hiprandStatePhilox4_32_10*)#2} const&, at::native::templates::cuda::normal_kernel<at::CUDAGeneratorImpl*>(at::TensorBase const&, double, double, at::CUDAGeneratorImpl*)::{lambda()#1}::operator()() const::{lambda()#3}::operator()() const::{lambda(float)#1})::{lambda(int, float)#1}>(long, at::PhiloxCudaState, at::native::templates::cuda::normal_and_transform<c10::Half, float, at::CUDAGeneratorImpl*, at::native::templates::cuda::normal_kernel<at::CUDAGeneratorImpl*>(at::TensorBase const&, double, double, at::CUDAGeneratorImpl*)::{lambda()#1}::operator()() const::{lambda()#3}::operator()() const::{lambda(float)#1}>(at::TensorIteratorBase&, at::CUDAGeneratorImpl*, at::native::templates::cuda::normal_kernel<at::CUDAGeneratorImpl*>(at::TensorBase const&, double, double, at::CUDAGeneratorImpl*)::{lambda()#1}::operator()() const::{lambda()#3}::operator()() const::{lambda(float)#1})::{lambda(hiprandStatePhilox4_32_10*)#2}, at::native::(anonymous namespace)::distribution_nullary_kernel<c10::Half, float, HIP_vector_type<float, 4u>, at::CUDAGeneratorImpl*, at::native::templates::cuda::normal_and_transform<c10::Half, float, at::CUDAGeneratorImpl*, at::native::templates::cuda::normal_kernel<at::CUDAGeneratorImpl*>(at::TensorBase const&, double, double, at::CUDAGeneratorImpl*)::{lambda()#1}::operator()() const::{lambda()#3}::operator()() const::{lambda(float)#1}>(at::TensorIteratorBase&, at::CUDAGeneratorImpl*, at::native::templates::cuda::normal_kernel<at::CUDAGeneratorImpl*>(at::TensorBase const&, double, double, at::CUDAGeneratorImpl*)::{lambda()#1}::operator()() const::{lambda()#3}::operator()() const::{lambda(float)#1})::{lambda(hiprandStatePhilox4_32_10*)#2}, at::native::templates::cuda::normal_kernel<at::CUDAGeneratorImpl*>(at::TensorBase const&, double, double, at::CUDAGeneratorImpl*)::{lambda()#1}::operator()() const::{lambda()#3}::operator()() const::{lambda(float)#1}>(at::TensorIteratorBase&, at::CUDAGeneratorImpl*, at::native::templates::cuda::normal_and_transform<c10::Half, float, at::CUDAGeneratorImpl*, at::native::templates::cuda::normal_kernel<at::CUDAGeneratorImpl*>(at::TensorBase const&, double, double, at::CUDAGeneratorImpl*)::{lambda()#1}::operator()() const::{lambda()#3}::operator()() const::{lambda(float)#1}>(at::TensorIteratorBase&, at::CUDAGeneratorImpl*, at::native::templates::cuda::normal_kernel<at::CUDAGeneratorImpl*>(at::TensorBase const&, double, double, at::CUDAGeneratorImpl*)::{lambda()#1}::operator()() const::{lambda()#3}::operator()() const::{lambda(float)#1})::{lambda(hiprandStatePhilox4_32_10*)#2} const&, at::native::templates::cuda::normal_kernel<at::CUDAGeneratorImpl*>(at::TensorBase const&, double, double, at::CUDAGeneratorImpl*)::{lambda()#1}::operator()() const::{lambda()#3}::operator()() const::{lambda(float)#1})::{lambda(int, float)#1})",33,700762256892078,700762256897330,0,0,256,1,1,32768,1,1
"KERNEL_DISPATCH",8,1,176454,34,15,"void at::native::(anonymous namespace)::distribution_elementwise_grid_stride_kernel<float, 4, at::native::templates::cuda::normal_and_transform<c10::Half, float, at::CUDAGeneratorImpl*, at::native::templates::cuda::normal_kernel<at::CUDAGeneratorImpl*>(at::TensorBase const&, double, double, at::CUDAGeneratorImpl*)::{lambda()#1}::operator()() const::{lambda()#3}::operator()() const::{lambda(float)#1}>(at::TensorIteratorBase&, at::CUDAGeneratorImpl*, at::native::templates::cuda::normal_kernel<at::CUDAGeneratorImpl*>(at::TensorBase const&, double, double, at::CUDAGeneratorImpl*)::{lambda()#1}::operator()() const::{lambda()#3}::operator()() const::{lambda(float)#1})::{lambda(hiprandStatePhilox4_32_10*)#2}, at::native::(anonymous namespace)::distribution_nullary_kernel<c10::Half, float, HIP_vector_type<float, 4u>, at::CUDAGeneratorImpl*, at::native::templates::cuda::normal_and_transform<c10::Half, float, at::CUDAGeneratorImpl*, at::native::templates::cuda::normal_kernel<at::CUDAGeneratorImpl*>(at::TensorBase const&, double, double, at::CUDAGeneratorImpl*)::{lambda()#1}::operator()() const::{lambda()#3}::operator()() const::{lambda(float)#1}>(at::TensorIteratorBase&, at::CUDAGeneratorImpl*, at::native::templates::cuda::normal_kernel<at::CUDAGeneratorImpl*>(at::TensorBase const&, double, double, at::CUDAGeneratorImpl*)::{lambda()#1}::operator()() const::{lambda()#3}::operator()() const::{lambda(float)#1})::{lambda(hiprandStatePhilox4_32_10*)#2}, at::native::templates::cuda::normal_kernel<at::CUDAGeneratorImpl*>(at::TensorBase const&, double, double, at::CUDAGeneratorImpl*)::{lambda()#1}::operator()() const::{lambda()#3}::operator()() const::{lambda(float)#1}>(at::TensorIteratorBase&, at::CUDAGeneratorImpl*, at::native::templates::cuda::normal_and_transform<c10::Half, float, at::CUDAGeneratorImpl*, at::native::templates::cuda::normal_kernel<at::CUDAGeneratorImpl*>(at::TensorBase const&, double, double, at::CUDAGeneratorImpl*)::{lambda()#1}::operator()() const::{lambda()#3}::operator()() const::{lambda(float)#1}>(at::TensorIteratorBase&, at::CUDAGeneratorImpl*, at::native::templates::cuda::normal_kernel<at::CUDAGeneratorImpl*>(at::TensorBase const&, double, double, at::CUDAGeneratorImpl*)::{lambda()#1}::operator()() const::{lambda()#3}::operator()() const::{lambda(float)#1})::{lambda(hiprandStatePhilox4_32_10*)#2} const&, at::native::templates::cuda::normal_kernel<at::CUDAGeneratorImpl*>(at::TensorBase const&, double, double, at::CUDAGeneratorImpl*)::{lambda()#1}::operator()() const::{lambda()#3}::operator()() const::{lambda(float)#1})::{lambda(int, float)#1}>(long, at::PhiloxCudaState, at::native::templates::cuda::normal_and_transform<c10::Half, float, at::CUDAGeneratorImpl*, at::native::templates::cuda::normal_kernel<at::CUDAGeneratorImpl*>(at::TensorBase const&, double, double, at::CUDAGeneratorImpl*)::{lambda()#1}::operator()() const::{lambda()#3}::operator()() const::{lambda(float)#1}>(at::TensorIteratorBase&, at::CUDAGeneratorImpl*, at::native::templates::cuda::normal_kernel<at::CUDAGeneratorImpl*>(at::TensorBase const&, double, double, at::CUDAGeneratorImpl*)::{lambda()#1}::operator()() const::{lambda()#3}::operator()() const::{lambda(float)#1})::{lambda(hiprandStatePhilox4_32_10*)#2}, at::native::(anonymous namespace)::distribution_nullary_kernel<c10::Half, float, HIP_vector_type<float, 4u>, at::CUDAGeneratorImpl*, at::native::templates::cuda::normal_and_transform<c10::Half, float, at::CUDAGeneratorImpl*, at::native::templates::cuda::normal_kernel<at::CUDAGeneratorImpl*>(at::TensorBase const&, double, double, at::CUDAGeneratorImpl*)::{lambda()#1}::operator()() const::{lambda()#3}::operator()() const::{lambda(float)#1}>(at::TensorIteratorBase&, at::CUDAGeneratorImpl*, at::native::templates::cuda::normal_kernel<at::CUDAGeneratorImpl*>(at::TensorBase const&, double, double, at::CUDAGeneratorImpl*)::{lambda()#1}::operator()() const::{lambda()#3}::operator()() const::{lambda(float)#1})::{lambda(hiprandStatePhilox4_32_10*)#2}, at::native::templates::cuda::normal_kernel<at::CUDAGeneratorImpl*>(at::TensorBase const&, double, double, at::CUDAGeneratorImpl*)::{lambda()#1}::operator()() const::{lambda()#3}::operator()() const::{lambda(float)#1}>(at::TensorIteratorBase&, at::CUDAGeneratorImpl*, at::native::templates::cuda::normal_and_transform<c10::Half, float, at::CUDAGeneratorImpl*, at::native::templates::cuda::normal_kernel<at::CUDAGeneratorImpl*>(at::TensorBase const&, double, double, at::CUDAGeneratorImpl*)::{lambda()#1}::operator()() const::{lambda()#3}::operator()() const::{lambda(float)#1}>(at::TensorIteratorBase&, at::CUDAGeneratorImpl*, at::native::templates::cuda::normal_kernel<at::CUDAGeneratorImpl*>(at::TensorBase const&, double, double, at::CUDAGeneratorImpl*)::{lambda()#1}::operator()() const::{lambda()#3}::operator()() const::{lambda(float)#1})::{lambda(hiprandStatePhilox4_32_10*)#2} const&, at::native::templates::cuda::normal_kernel<at::CUDAGeneratorImpl*>(at::TensorBase const&, double, double, at::CUDAGeneratorImpl*)::{lambda()#1}::operator()() const::{lambda()#3}::operator()() const::{lambda(float)#1})::{lambda(int, float)#1})",34,700762256897513,700762256902324,0,0,256,1,1,1024,1,1
"KERNEL_DISPATCH",8,1,176454,35,15,"void at::native::(anonymous namespace)::distribution_elementwise_grid_stride_kernel<float, 4, at::native::templates::cuda::normal_and_transform<c10::Half, float, at::CUDAGeneratorImpl*, at::native::templates::cuda::normal_kernel<at::CUDAGeneratorImpl*>(at::TensorBase const&, double, double, at::CUDAGeneratorImpl*)::{lambda()#1}::operator()() const::{lambda()#3}::operator()() const::{lambda(float)#1}>(at::TensorIteratorBase&, at::CUDAGeneratorImpl*, at::native::templates::cuda::normal_kernel<at::CUDAGeneratorImpl*>(at::TensorBase const&, double, double, at::CUDAGeneratorImpl*)::{lambda()#1}::operator()() const::{lambda()#3}::operator()() const::{lambda(float)#1})::{lambda(hiprandStatePhilox4_32_10*)#2}, at::native::(anonymous namespace)::distribution_nullary_kernel<c10::Half, float, HIP_vector_type<float, 4u>, at::CUDAGeneratorImpl*, at::native::templates::cuda::normal_and_transform<c10::Half, float, at::CUDAGeneratorImpl*, at::native::templates::cuda::normal_kernel<at::CUDAGeneratorImpl*>(at::TensorBase const&, double, double, at::CUDAGeneratorImpl*)::{lambda()#1}::operator()() const::{lambda()#3}::operator()() const::{lambda(float)#1}>(at::TensorIteratorBase&, at::CUDAGeneratorImpl*, at::native::templates::cuda::normal_kernel<at::CUDAGeneratorImpl*>(at::TensorBase const&, double, double, at::CUDAGeneratorImpl*)::{lambda()#1}::operator()() const::{lambda()#3}::operator()() const::{lambda(float)#1})::{lambda(hiprandStatePhilox4_32_10*)#2}, at::native::templates::cuda::normal_kernel<at::CUDAGeneratorImpl*>(at::TensorBase const&, double, double, at::CUDAGeneratorImpl*)::{lambda()#1}::operator()() const::{lambda()#3}::operator()() const::{lambda(float)#1}>(at::TensorIteratorBase&, at::CUDAGeneratorImpl*, at::native::templates::cuda::normal_and_transform<c10::Half, float, at::CUDAGeneratorImpl*, at::native::templates::cuda::normal_kernel<at::CUDAGeneratorImpl*>(at::TensorBase const&, double, double, at::CUDAGeneratorImpl*)::{lambda()#1}::operator()() const::{lambda()#3}::operator()() const::{lambda(float)#1}>(at::TensorIteratorBase&, at::CUDAGeneratorImpl*, at::native::templates::cuda::normal_kernel<at::CUDAGeneratorImpl*>(at::TensorBase const&, double, double, at::CUDAGeneratorImpl*)::{lambda()#1}::operator()() const::{lambda()#3}::operator()() const::{lambda(float)#1})::{lambda(hiprandStatePhilox4_32_10*)#2} const&, at::native::templates::cuda::normal_kernel<at::CUDAGeneratorImpl*>(at::TensorBase const&, double, double, at::CUDAGeneratorImpl*)::{lambda()#1}::operator()() const::{lambda()#3}::operator()() const::{lambda(float)#1})::{lambda(int, float)#1}>(long, at::PhiloxCudaState, at::native::templates::cuda::normal_and_transform<c10::Half, float, at::CUDAGeneratorImpl*, at::native::templates::cuda::normal_kernel<at::CUDAGeneratorImpl*>(at::TensorBase const&, double, double, at::CUDAGeneratorImpl*)::{lambda()#1}::operator()() const::{lambda()#3}::operator()() const::{lambda(float)#1}>(at::TensorIteratorBase&, at::CUDAGeneratorImpl*, at::native::templates::cuda::normal_kernel<at::CUDAGeneratorImpl*>(at::TensorBase const&, double, double, at::CUDAGeneratorImpl*)::{lambda()#1}::operator()() const::{lambda()#3}::operator()() const::{lambda(float)#1})::{lambda(hiprandStatePhilox4_32_10*)#2}, at::native::(anonymous namespace)::distribution_nullary_kernel<c10::Half, float, HIP_vector_type<float, 4u>, at::CUDAGeneratorImpl*, at::native::templates::cuda::normal_and_transform<c10::Half, float, at::CUDAGeneratorImpl*, at::native::templates::cuda::normal_kernel<at::CUDAGeneratorImpl*>(at::TensorBase const&, double, double, at::CUDAGeneratorImpl*)::{lambda()#1}::operator()() const::{lambda()#3}::operator()() const::{lambda(float)#1}>(at::TensorIteratorBase&, at::CUDAGeneratorImpl*, at::native::templates::cuda::normal_kernel<at::CUDAGeneratorImpl*>(at::TensorBase const&, double, double, at::CUDAGeneratorImpl*)::{lambda()#1}::operator()() const::{lambda()#3}::operator()() const::{lambda(float)#1})::{lambda(hiprandStatePhilox4_32_10*)#2}, at::native::templates::cuda::normal_kernel<at::CUDAGeneratorImpl*>(at::TensorBase const&, double, double, at::CUDAGeneratorImpl*)::{lambda()#1}::operator()() const::{lambda()#3}::operator()() const::{lambda(float)#1}>(at::TensorIteratorBase&, at::CUDAGeneratorImpl*, at::native::templates::cuda::normal_and_transform<c10::Half, float, at::CUDAGeneratorImpl*, at::native::templates::cuda::normal_kernel<at::CUDAGeneratorImpl*>(at::TensorBase const&, double, double, at::CUDAGeneratorImpl*)::{lambda()#1}::operator()() const::{lambda()#3}::operator()() const::{lambda(float)#1}>(at::TensorIteratorBase&, at::CUDAGeneratorImpl*, at::native::templates::cuda::normal_kernel<at::CUDAGeneratorImpl*>(at::TensorBase const&, double, double, at::CUDAGeneratorImpl*)::{lambda()#1}::operator()() const::{lambda()#3}::operator()() const::{lambda(float)#1})::{lambda(hiprandStatePhilox4_32_10*)#2} const&, at::native::templates::cuda::normal_kernel<at::CUDAGeneratorImpl*>(at::TensorBase const&, double, double, at::CUDAGeneratorImpl*)::{lambda()#1}::operator()() const::{lambda()#3}::operator()() const::{lambda(float)#1})::{lambda(int, float)#1})",35,700762256902324,700762256908017,0,0,256,1,1,524288,1,1
"KERNEL_DISPATCH",8,1,176454,36,15,"void at::native::(anonymous namespace)::distribution_elementwise_grid_stride_kernel<float, 4, at::native::templates::cuda::normal_and_transform<c10::Half, float, at::CUDAGeneratorImpl*, at::native::templates::cuda::normal_kernel<at::CUDAGeneratorImpl*>(at::TensorBase const&, double, double, at::CUDAGeneratorImpl*)::{lambda()#1}::operator()() const::{lambda()#3}::operator()() const::{lambda(float)#1}>(at::TensorIteratorBase&, at::CUDAGeneratorImpl*, at::native::templates::cuda::normal_kernel<at::CUDAGeneratorImpl*>(at::TensorBase const&, double, double, at::CUDAGeneratorImpl*)::{lambda()#1}::operator()() const::{lambda()#3}::operator()() const::{lambda(float)#1})::{lambda(hiprandStatePhilox4_32_10*)#2}, at::native::(anonymous namespace)::distribution_nullary_kernel<c10::Half, float, HIP_vector_type<float, 4u>, at::CUDAGeneratorImpl*, at::native::templates::cuda::normal_and_transform<c10::Half, float, at::CUDAGeneratorImpl*, at::native::templates::cuda::normal_kernel<at::CUDAGeneratorImpl*>(at::TensorBase const&, double, double, at::CUDAGeneratorImpl*)::{lambda()#1}::operator()() const::{lambda()#3}::operator()() const::{lambda(float)#1}>(at::TensorIteratorBase&, at::CUDAGeneratorImpl*, at::native::templates::cuda::normal_kernel<at::CUDAGeneratorImpl*>(at::TensorBase const&, double, double, at::CUDAGeneratorImpl*)::{lambda()#1}::operator()() const::{lambda()#3}::operator()() const::{lambda(float)#1})::{lambda(hiprandStatePhilox4_32_10*)#2}, at::native::templates::cuda::normal_kernel<at::CUDAGeneratorImpl*>(at::TensorBase const&, double, double, at::CUDAGeneratorImpl*)::{lambda()#1}::operator()() const::{lambda()#3}::operator()() const::{lambda(float)#1}>(at::TensorIteratorBase&, at::CUDAGeneratorImpl*, at::native::templates::cuda::normal_and_transform<c10::Half, float, at::CUDAGeneratorImpl*, at::native::templates::cuda::normal_kernel<at::CUDAGeneratorImpl*>(at::TensorBase const&, double, double, at::CUDAGeneratorImpl*)::{lambda()#1}::operator()() const::{lambda()#3}::operator()() const::{lambda(float)#1}>(at::TensorIteratorBase&, at::CUDAGeneratorImpl*, at::native::templates::cuda::normal_kernel<at::CUDAGeneratorImpl*>(at::TensorBase const&, double, double, at::CUDAGeneratorImpl*)::{lambda()#1}::operator()() const::{lambda()#3}::operator()() const::{lambda(float)#1})::{lambda(hiprandStatePhilox4_32_10*)#2} const&, at::native::templates::cuda::normal_kernel<at::CUDAGeneratorImpl*>(at::TensorBase const&, double, double, at::CUDAGeneratorImpl*)::{lambda()#1}::operator()() const::{lambda()#3}::operator()() const::{lambda(float)#1})::{lambda(int, float)#1}>(long, at::PhiloxCudaState, at::native::templates::cuda::normal_and_transform<c10::Half, float, at::CUDAGeneratorImpl*, at::native::templates::cuda::normal_kernel<at::CUDAGeneratorImpl*>(at::TensorBase const&, double, double, at::CUDAGeneratorImpl*)::{lambda()#1}::operator()() const::{lambda()#3}::operator()() const::{lambda(float)#1}>(at::TensorIteratorBase&, at::CUDAGeneratorImpl*, at::native::templates::cuda::normal_kernel<at::CUDAGeneratorImpl*>(at::TensorBase const&, double, double, at::CUDAGeneratorImpl*)::{lambda()#1}::operator()() const::{lambda()#3}::operator()() const::{lambda(float)#1})::{lambda(hiprandStatePhilox4_32_10*)#2}, at::native::(anonymous namespace)::distribution_nullary_kernel<c10::Half, float, HIP_vector_type<float, 4u>, at::CUDAGeneratorImpl*, at::native::templates::cuda::normal_and_transform<c10::Half, float, at::CUDAGeneratorImpl*, at::native::templates::cuda::normal_kernel<at::CUDAGeneratorImpl*>(at::TensorBase const&, double, double, at::CUDAGeneratorImpl*)::{lambda()#1}::operator()() const::{lambda()#3}::operator()() const::{lambda(float)#1}>(at::TensorIteratorBase&, at::CUDAGeneratorImpl*, at::native::templates::cuda::normal_kernel<at::CUDAGeneratorImpl*>(at::TensorBase const&, double, double, at::CUDAGeneratorImpl*)::{lambda()#1}::operator()() const::{lambda()#3}::operator()() const::{lambda(float)#1})::{lambda(hiprandStatePhilox4_32_10*)#2}, at::native::templates::cuda::normal_kernel<at::CUDAGeneratorImpl*>(at::TensorBase const&, double, double, at::CUDAGeneratorImpl*)::{lambda()#1}::operator()() const::{lambda()#3}::operator()() const::{lambda(float)#1}>(at::TensorIteratorBase&, at::CUDAGeneratorImpl*, at::native::templates::cuda::normal_and_transform<c10::Half, float, at::CUDAGeneratorImpl*, at::native::templates::cuda::normal_kernel<at::CUDAGeneratorImpl*>(at::TensorBase const&, double, double, at::CUDAGeneratorImpl*)::{lambda()#1}::operator()() const::{lambda()#3}::operator()() const::{lambda(float)#1}>(at::TensorIteratorBase&, at::CUDAGeneratorImpl*, at::native::templates::cuda::normal_kernel<at::CUDAGeneratorImpl*>(at::TensorBase const&, double, double, at::CUDAGeneratorImpl*)::{lambda()#1}::operator()() const::{lambda()#3}::operator()() const::{lambda(float)#1})::{lambda(hiprandStatePhilox4_32_10*)#2} const&, at::native::templates::cuda::normal_kernel<at::CUDAGeneratorImpl*>(at::TensorBase const&, double, double, at::CUDAGeneratorImpl*)::{lambda()#1}::operator()() const::{lambda()#3}::operator()() const::{lambda(float)#1})::{lambda(int, float)#1})",36,700762256920165,700762256930629,0,0,256,1,1,524288,1,1
"KERNEL_DISPATCH",8,1,176454,37,35,"void (anonymous namespace)::elementwise_kernel_with_index<int, at::native::arange_cuda_out(c10::Scalar const&, c10::Scalar const&, c10::Scalar const&, at::Tensor&)::{lambda()#1}::operator()() const::{lambda()#3}::operator()() const::{lambda(long)#1}>(int, at::native::arange_cuda_out(c10::Scalar const&, c10::Scalar const&, c10::Scalar const&, at::Tensor&)::{lambda()#1}::operator()() const::{lambda()#3}::operator()() const::{lambda(long)#1}, function_traits<at::native::arange_cuda_out(c10::Scalar const&, c10::Scalar const&, c10::Scalar const&, at::Tensor&)::{lambda()#1}::operator()() const::{lambda()#3}::operator()() const::{lambda(long)#1}>::result_type*)",37,700762261829006,700762261832574,0,0,128,1,1,128,1,1
"KERNEL_DISPATCH",8,1,176454,38,35,"void (anonymous namespace)::elementwise_kernel_with_index<int, at::native::arange_cuda_out(c10::Scalar const&, c10::Scalar const&, c10::Scalar const&, at::Tensor&)::{lambda()#1}::operator()() const::{lambda()#3}::operator()() const::{lambda(long)#1}>(int, at::native::arange_cuda_out(c10::Scalar const&, c10::Scalar const&, c10::Scalar const&, at::Tensor&)::{lambda()#1}::operator()() const::{lambda()#3}::operator()() const::{lambda(long)#1}, function_traits<at::native::arange_cuda_out(c10::Scalar const&, c10::Scalar const&, c10::Scalar const&, at::Tensor&)::{lambda()#1}::operator()() const::{lambda()#3}::operator()() const::{lambda(long)#1}>::result_type*)",38,700762261890828,700762261893754,0,0,128,1,1,128,1,1
"KERNEL_DISPATCH",8,1,176454,39,193,"void at::native::vectorized_elementwise_kernel<4, at::native::FillFunctor<int>, std::array<char*, 1ul> >(int, at::native::FillFunctor<int>, std::array<char*, 1ul>)",39,700762269841458,700762269844305,0,0,256,1,1,256,1,1
"KERNEL_DISPATCH",8,1,176454,40,193,"void at::native::vectorized_elementwise_kernel<4, at::native::FillFunctor<int>, std::array<char*, 1ul> >(int, at::native::FillFunctor<int>, std::array<char*, 1ul>)",40,700762269904603,700762269907570,0,0,256,1,1,256,1,1
"KERNEL_DISPATCH",8,1,176454,41,35,"void (anonymous namespace)::elementwise_kernel_with_index<int, at::native::arange_cuda_out(c10::Scalar const&, c10::Scalar const&, c10::Scalar const&, at::Tensor&)::{lambda()#1}::operator()() const::{lambda()#3}::operator()() const::{lambda(long)#1}>(int, at::native::arange_cuda_out(c10::Scalar const&, c10::Scalar const&, c10::Scalar const&, at::Tensor&)::{lambda()#1}::operator()() const::{lambda()#3}::operator()() const::{lambda(long)#1}, function_traits<at::native::arange_cuda_out(c10::Scalar const&, c10::Scalar const&, c10::Scalar const&, at::Tensor&)::{lambda()#1}::operator()() const::{lambda()#3}::operator()() const::{lambda(long)#1}>::result_type*)",41,700762269933389,700762269936676,0,0,128,1,1,128,1,1
"KERNEL_DISPATCH",8,1,176454,42,35,"void (anonymous namespace)::elementwise_kernel_with_index<int, at::native::arange_cuda_out(c10::Scalar const&, c10::Scalar const&, c10::Scalar const&, at::Tensor&)::{lambda()#1}::operator()() const::{lambda()#3}::operator()() const::{lambda(long)#1}>(int, at::native::arange_cuda_out(c10::Scalar const&, c10::Scalar const&, c10::Scalar const&, at::Tensor&)::{lambda()#1}::operator()() const::{lambda()#3}::operator()() const::{lambda(long)#1}, function_traits<at::native::arange_cuda_out(c10::Scalar const&, c10::Scalar const&, c10::Scalar const&, at::Tensor&)::{lambda()#1}::operator()() const::{lambda()#3}::operator()() const::{lambda(long)#1}>::result_type*)",42,700762270038630,700762270042037,0,0,128,1,1,128,1,1
"KERNEL_DISPATCH",8,2,176454,43,273,"kernel_unified_attention_3d",43,700763687418809,700763687681049,0,20480,256,1,1,528384,1,16
"KERNEL_DISPATCH",8,2,176454,44,274,"reduce_segments",44,700764681527859,700764681591445,0,2048,256,1,1,1048576,8,1
"KERNEL_DISPATCH",8,2,176454,45,273,"kernel_unified_attention_3d",45,700764699457250,700764699708545,0,20480,256,1,1,528384,1,16
"KERNEL_DISPATCH",8,2,176454,46,274,"reduce_segments",46,700764699708545,700764699766798,0,2048,256,1,1,1048576,8,1
"KERNEL_DISPATCH",8,2,176454,47,273,"kernel_unified_attention_3d",47,700764699908242,700764700159697,0,20480,256,1,1,528384,1,16
"KERNEL_DISPATCH",8,2,176454,48,274,"reduce_segments",48,700764700159692,700764700217304,0,2048,256,1,1,1048576,8,1
"KERNEL_DISPATCH",8,2,176454,49,273,"kernel_unified_attention_3d",49,700764700338226,700764700586594,0,20480,256,1,1,528384,1,16
"KERNEL_DISPATCH",8,2,176454,50,274,"reduce_segments",50,700764700586594,700764700644206,0,2048,256,1,1,1048576,8,1
"KERNEL_DISPATCH",8,2,176454,51,273,"kernel_unified_attention_3d",51,700764700757436,700764701010054,0,20480,256,1,1,528384,1,16
"KERNEL_DISPATCH",8,2,176454,52,274,"reduce_segments",52,700764701010083,700764701067695,0,2048,256,1,1,1048576,8,1
