"Kind","Agent_Id","Queue_Id","Thread_Id","Dispatch_Id","Kernel_Id","Kernel_Name","Correlation_Id","Start_Timestamp","End_Timestamp","Private_Segment_Size","Group_Segment_Size","Workgroup_Size_X","Workgroup_Size_Y","Workgroup_Size_Z","Grid_Size_X","Grid_Size_Y","Grid_Size_Z"
"KERNEL_DISPATCH",7,3,348678,1,24,"void at::native::(anonymous namespace)::distribution_elementwise_grid_stride_kernel<float, 4, at::native::templates::cuda::normal_and_transform<c10::Half, float, at::CUDAGeneratorImpl*, at::native::templates::cuda::normal_kernel<at::CUDAGeneratorImpl*>(at::TensorBase const&, double, double, at::CUDAGeneratorImpl*)::{lambda()#1}::operator()() const::{lambda()#3}::operator()() const::{lambda(float)#1}>(at::TensorIteratorBase&, at::CUDAGeneratorImpl*, at::native::templates::cuda::normal_kernel<at::CUDAGeneratorImpl*>(at::TensorBase const&, double, double, at::CUDAGeneratorImpl*)::{lambda()#1}::operator()() const::{lambda()#3}::operator()() const::{lambda(float)#1})::{lambda(hiprandStatePhilox4_32_10*)#2}, at::native::(anonymous namespace)::distribution_nullary_kernel<c10::Half, float, HIP_vector_type<float, 4u>, at::CUDAGeneratorImpl*, at::native::templates::cuda::normal_and_transform<c10::Half, float, at::CUDAGeneratorImpl*, at::native::templates::cuda::normal_kernel<at::CUDAGeneratorImpl*>(at::TensorBase const&, double, double, at::CUDAGeneratorImpl*)::{lambda()#1}::operator()() const::{lambda()#3}::operator()() const::{lambda(float)#1}>(at::TensorIteratorBase&, at::CUDAGeneratorImpl*, at::native::templates::cuda::normal_kernel<at::CUDAGeneratorImpl*>(at::TensorBase const&, double, double, at::CUDAGeneratorImpl*)::{lambda()#1}::operator()() const::{lambda()#3}::operator()() const::{lambda(float)#1})::{lambda(hiprandStatePhilox4_32_10*)#2}, at::native::templates::cuda::normal_kernel<at::CUDAGeneratorImpl*>(at::TensorBase const&, double, double, at::CUDAGeneratorImpl*)::{lambda()#1}::operator()() const::{lambda()#3}::operator()() const::{lambda(float)#1}>(at::TensorIteratorBase&, at::CUDAGeneratorImpl*, at::native::templates::cuda::normal_and_transform<c10::Half, float, at::CUDAGeneratorImpl*, at::native::templates::cuda::normal_kernel<at::CUDAGeneratorImpl*>(at::TensorBase const&, double, double, at::CUDAGeneratorImpl*)::{lambda()#1}::operator()() const::{lambda()#3}::operator()() const::{lambda(float)#1}>(at::TensorIteratorBase&, at::CUDAGeneratorImpl*, at::native::templates::cuda::normal_kernel<at::CUDAGeneratorImpl*>(at::TensorBase const&, double, double, at::CUDAGeneratorImpl*)::{lambda()#1}::operator()() const::{lambda()#3}::operator()() const::{lambda(float)#1})::{lambda(hiprandStatePhilox4_32_10*)#2} const&, at::native::templates::cuda::normal_kernel<at::CUDAGeneratorImpl*>(at::TensorBase const&, double, double, at::CUDAGeneratorImpl*)::{lambda()#1}::operator()() const::{lambda()#3}::operator()() const::{lambda(float)#1})::{lambda(int, float)#1}>(long, at::PhiloxCudaState, at::native::templates::cuda::normal_and_transform<c10::Half, float, at::CUDAGeneratorImpl*, at::native::templates::cuda::normal_kernel<at::CUDAGeneratorImpl*>(at::TensorBase const&, double, double, at::CUDAGeneratorImpl*)::{lambda()#1}::operator()() const::{lambda()#3}::operator()() const::{lambda(float)#1}>(at::TensorIteratorBase&, at::CUDAGeneratorImpl*, at::native::templates::cuda::normal_kernel<at::CUDAGeneratorImpl*>(at::TensorBase const&, double, double, at::CUDAGeneratorImpl*)::{lambda()#1}::operator()() const::{lambda()#3}::operator()() const::{lambda(float)#1})::{lambda(hiprandStatePhilox4_32_10*)#2}, at::native::(anonymous namespace)::distribution_nullary_kernel<c10::Half, float, HIP_vector_type<float, 4u>, at::CUDAGeneratorImpl*, at::native::templates::cuda::normal_and_transform<c10::Half, float, at::CUDAGeneratorImpl*, at::native::templates::cuda::normal_kernel<at::CUDAGeneratorImpl*>(at::TensorBase const&, double, double, at::CUDAGeneratorImpl*)::{lambda()#1}::operator()() const::{lambda()#3}::operator()() const::{lambda(float)#1}>(at::TensorIteratorBase&, at::CUDAGeneratorImpl*, at::native::templates::cuda::normal_kernel<at::CUDAGeneratorImpl*>(at::TensorBase const&, double, double, at::CUDAGeneratorImpl*)::{lambda()#1}::operator()() const::{lambda()#3}::operator()() const::{lambda(float)#1})::{lambda(hiprandStatePhilox4_32_10*)#2}, at::native::templates::cuda::normal_kernel<at::CUDAGeneratorImpl*>(at::TensorBase const&, double, double, at::CUDAGeneratorImpl*)::{lambda()#1}::operator()() const::{lambda()#3}::operator()() const::{lambda(float)#1}>(at::TensorIteratorBase&, at::CUDAGeneratorImpl*, at::native::templates::cuda::normal_and_transform<c10::Half, float, at::CUDAGeneratorImpl*, at::native::templates::cuda::normal_kernel<at::CUDAGeneratorImpl*>(at::TensorBase const&, double, double, at::CUDAGeneratorImpl*)::{lambda()#1}::operator()() const::{lambda()#3}::operator()() const::{lambda(float)#1}>(at::TensorIteratorBase&, at::CUDAGeneratorImpl*, at::native::templates::cuda::normal_kernel<at::CUDAGeneratorImpl*>(at::TensorBase const&, double, double, at::CUDAGeneratorImpl*)::{lambda()#1}::operator()() const::{lambda()#3}::operator()() const::{lambda(float)#1})::{lambda(hiprandStatePhilox4_32_10*)#2} const&, at::native::templates::cuda::normal_kernel<at::CUDAGeneratorImpl*>(at::TensorBase const&, double, double, at::CUDAGeneratorImpl*)::{lambda()#1}::operator()() const::{lambda()#3}::operator()() const::{lambda(float)#1})::{lambda(int, float)#1})",1,283409693907941,283409693950157,0,0,256,1,1,622592,1,1
"KERNEL_DISPATCH",7,3,348678,2,24,"void at::native::(anonymous namespace)::distribution_elementwise_grid_stride_kernel<float, 4, at::native::templates::cuda::normal_and_transform<c10::Half, float, at::CUDAGeneratorImpl*, at::native::templates::cuda::normal_kernel<at::CUDAGeneratorImpl*>(at::TensorBase const&, double, double, at::CUDAGeneratorImpl*)::{lambda()#1}::operator()() const::{lambda()#3}::operator()() const::{lambda(float)#1}>(at::TensorIteratorBase&, at::CUDAGeneratorImpl*, at::native::templates::cuda::normal_kernel<at::CUDAGeneratorImpl*>(at::TensorBase const&, double, double, at::CUDAGeneratorImpl*)::{lambda()#1}::operator()() const::{lambda()#3}::operator()() const::{lambda(float)#1})::{lambda(hiprandStatePhilox4_32_10*)#2}, at::native::(anonymous namespace)::distribution_nullary_kernel<c10::Half, float, HIP_vector_type<float, 4u>, at::CUDAGeneratorImpl*, at::native::templates::cuda::normal_and_transform<c10::Half, float, at::CUDAGeneratorImpl*, at::native::templates::cuda::normal_kernel<at::CUDAGeneratorImpl*>(at::TensorBase const&, double, double, at::CUDAGeneratorImpl*)::{lambda()#1}::operator()() const::{lambda()#3}::operator()() const::{lambda(float)#1}>(at::TensorIteratorBase&, at::CUDAGeneratorImpl*, at::native::templates::cuda::normal_kernel<at::CUDAGeneratorImpl*>(at::TensorBase const&, double, double, at::CUDAGeneratorImpl*)::{lambda()#1}::operator()() const::{lambda()#3}::operator()() const::{lambda(float)#1})::{lambda(hiprandStatePhilox4_32_10*)#2}, at::native::templates::cuda::normal_kernel<at::CUDAGeneratorImpl*>(at::TensorBase const&, double, double, at::CUDAGeneratorImpl*)::{lambda()#1}::operator()() const::{lambda()#3}::operator()() const::{lambda(float)#1}>(at::TensorIteratorBase&, at::CUDAGeneratorImpl*, at::native::templates::cuda::normal_and_transform<c10::Half, float, at::CUDAGeneratorImpl*, at::native::templates::cuda::normal_kernel<at::CUDAGeneratorImpl*>(at::TensorBase const&, double, double, at::CUDAGeneratorImpl*)::{lambda()#1}::operator()() const::{lambda()#3}::operator()() const::{lambda(float)#1}>(at::TensorIteratorBase&, at::CUDAGeneratorImpl*, at::native::templates::cuda::normal_kernel<at::CUDAGeneratorImpl*>(at::TensorBase const&, double, double, at::CUDAGeneratorImpl*)::{lambda()#1}::operator()() const::{lambda()#3}::operator()() const::{lambda(float)#1})::{lambda(hiprandStatePhilox4_32_10*)#2} const&, at::native::templates::cuda::normal_kernel<at::CUDAGeneratorImpl*>(at::TensorBase const&, double, double, at::CUDAGeneratorImpl*)::{lambda()#1}::operator()() const::{lambda()#3}::operator()() const::{lambda(float)#1})::{lambda(int, float)#1}>(long, at::PhiloxCudaState, at::native::templates::cuda::normal_and_transform<c10::Half, float, at::CUDAGeneratorImpl*, at::native::templates::cuda::normal_kernel<at::CUDAGeneratorImpl*>(at::TensorBase const&, double, double, at::CUDAGeneratorImpl*)::{lambda()#1}::operator()() const::{lambda()#3}::operator()() const::{lambda(float)#1}>(at::TensorIteratorBase&, at::CUDAGeneratorImpl*, at::native::templates::cuda::normal_kernel<at::CUDAGeneratorImpl*>(at::TensorBase const&, double, double, at::CUDAGeneratorImpl*)::{lambda()#1}::operator()() const::{lambda()#3}::operator()() const::{lambda(float)#1})::{lambda(hiprandStatePhilox4_32_10*)#2}, at::native::(anonymous namespace)::distribution_nullary_kernel<c10::Half, float, HIP_vector_type<float, 4u>, at::CUDAGeneratorImpl*, at::native::templates::cuda::normal_and_transform<c10::Half, float, at::CUDAGeneratorImpl*, at::native::templates::cuda::normal_kernel<at::CUDAGeneratorImpl*>(at::TensorBase const&, double, double, at::CUDAGeneratorImpl*)::{lambda()#1}::operator()() const::{lambda()#3}::operator()() const::{lambda(float)#1}>(at::TensorIteratorBase&, at::CUDAGeneratorImpl*, at::native::templates::cuda::normal_kernel<at::CUDAGeneratorImpl*>(at::TensorBase const&, double, double, at::CUDAGeneratorImpl*)::{lambda()#1}::operator()() const::{lambda()#3}::operator()() const::{lambda(float)#1})::{lambda(hiprandStatePhilox4_32_10*)#2}, at::native::templates::cuda::normal_kernel<at::CUDAGeneratorImpl*>(at::TensorBase const&, double, double, at::CUDAGeneratorImpl*)::{lambda()#1}::operator()() const::{lambda()#3}::operator()() const::{lambda(float)#1}>(at::TensorIteratorBase&, at::CUDAGeneratorImpl*, at::native::templates::cuda::normal_and_transform<c10::Half, float, at::CUDAGeneratorImpl*, at::native::templates::cuda::normal_kernel<at::CUDAGeneratorImpl*>(at::TensorBase const&, double, double, at::CUDAGeneratorImpl*)::{lambda()#1}::operator()() const::{lambda()#3}::operator()() const::{lambda(float)#1}>(at::TensorIteratorBase&, at::CUDAGeneratorImpl*, at::native::templates::cuda::normal_kernel<at::CUDAGeneratorImpl*>(at::TensorBase const&, double, double, at::CUDAGeneratorImpl*)::{lambda()#1}::operator()() const::{lambda()#3}::operator()() const::{lambda(float)#1})::{lambda(hiprandStatePhilox4_32_10*)#2} const&, at::native::templates::cuda::normal_kernel<at::CUDAGeneratorImpl*>(at::TensorBase const&, double, double, at::CUDAGeneratorImpl*)::{lambda()#1}::operator()() const::{lambda()#3}::operator()() const::{lambda(float)#1})::{lambda(int, float)#1})",2,283409694025729,283409694030019,0,0,256,1,1,262144,1,1
"KERNEL_DISPATCH",7,3,348678,3,24,"void at::native::(anonymous namespace)::distribution_elementwise_grid_stride_kernel<float, 4, at::native::templates::cuda::normal_and_transform<c10::Half, float, at::CUDAGeneratorImpl*, at::native::templates::cuda::normal_kernel<at::CUDAGeneratorImpl*>(at::TensorBase const&, double, double, at::CUDAGeneratorImpl*)::{lambda()#1}::operator()() const::{lambda()#3}::operator()() const::{lambda(float)#1}>(at::TensorIteratorBase&, at::CUDAGeneratorImpl*, at::native::templates::cuda::normal_kernel<at::CUDAGeneratorImpl*>(at::TensorBase const&, double, double, at::CUDAGeneratorImpl*)::{lambda()#1}::operator()() const::{lambda()#3}::operator()() const::{lambda(float)#1})::{lambda(hiprandStatePhilox4_32_10*)#2}, at::native::(anonymous namespace)::distribution_nullary_kernel<c10::Half, float, HIP_vector_type<float, 4u>, at::CUDAGeneratorImpl*, at::native::templates::cuda::normal_and_transform<c10::Half, float, at::CUDAGeneratorImpl*, at::native::templates::cuda::normal_kernel<at::CUDAGeneratorImpl*>(at::TensorBase const&, double, double, at::CUDAGeneratorImpl*)::{lambda()#1}::operator()() const::{lambda()#3}::operator()() const::{lambda(float)#1}>(at::TensorIteratorBase&, at::CUDAGeneratorImpl*, at::native::templates::cuda::normal_kernel<at::CUDAGeneratorImpl*>(at::TensorBase const&, double, double, at::CUDAGeneratorImpl*)::{lambda()#1}::operator()() const::{lambda()#3}::operator()() const::{lambda(float)#1})::{lambda(hiprandStatePhilox4_32_10*)#2}, at::native::templates::cuda::normal_kernel<at::CUDAGeneratorImpl*>(at::TensorBase const&, double, double, at::CUDAGeneratorImpl*)::{lambda()#1}::operator()() const::{lambda()#3}::operator()() const::{lambda(float)#1}>(at::TensorIteratorBase&, at::CUDAGeneratorImpl*, at::native::templates::cuda::normal_and_transform<c10::Half, float, at::CUDAGeneratorImpl*, at::native::templates::cuda::normal_kernel<at::CUDAGeneratorImpl*>(at::TensorBase const&, double, double, at::CUDAGeneratorImpl*)::{lambda()#1}::operator()() const::{lambda()#3}::operator()() const::{lambda(float)#1}>(at::TensorIteratorBase&, at::CUDAGeneratorImpl*, at::native::templates::cuda::normal_kernel<at::CUDAGeneratorImpl*>(at::TensorBase const&, double, double, at::CUDAGeneratorImpl*)::{lambda()#1}::operator()() const::{lambda()#3}::operator()() const::{lambda(float)#1})::{lambda(hiprandStatePhilox4_32_10*)#2} const&, at::native::templates::cuda::normal_kernel<at::CUDAGeneratorImpl*>(at::TensorBase const&, double, double, at::CUDAGeneratorImpl*)::{lambda()#1}::operator()() const::{lambda()#3}::operator()() const::{lambda(float)#1})::{lambda(int, float)#1}>(long, at::PhiloxCudaState, at::native::templates::cuda::normal_and_transform<c10::Half, float, at::CUDAGeneratorImpl*, at::native::templates::cuda::normal_kernel<at::CUDAGeneratorImpl*>(at::TensorBase const&, double, double, at::CUDAGeneratorImpl*)::{lambda()#1}::operator()() const::{lambda()#3}::operator()() const::{lambda(float)#1}>(at::TensorIteratorBase&, at::CUDAGeneratorImpl*, at::native::templates::cuda::normal_kernel<at::CUDAGeneratorImpl*>(at::TensorBase const&, double, double, at::CUDAGeneratorImpl*)::{lambda()#1}::operator()() const::{lambda()#3}::operator()() const::{lambda(float)#1})::{lambda(hiprandStatePhilox4_32_10*)#2}, at::native::(anonymous namespace)::distribution_nullary_kernel<c10::Half, float, HIP_vector_type<float, 4u>, at::CUDAGeneratorImpl*, at::native::templates::cuda::normal_and_transform<c10::Half, float, at::CUDAGeneratorImpl*, at::native::templates::cuda::normal_kernel<at::CUDAGeneratorImpl*>(at::TensorBase const&, double, double, at::CUDAGeneratorImpl*)::{lambda()#1}::operator()() const::{lambda()#3}::operator()() const::{lambda(float)#1}>(at::TensorIteratorBase&, at::CUDAGeneratorImpl*, at::native::templates::cuda::normal_kernel<at::CUDAGeneratorImpl*>(at::TensorBase const&, double, double, at::CUDAGeneratorImpl*)::{lambda()#1}::operator()() const::{lambda()#3}::operator()() const::{lambda(float)#1})::{lambda(hiprandStatePhilox4_32_10*)#2}, at::native::templates::cuda::normal_kernel<at::CUDAGeneratorImpl*>(at::TensorBase const&, double, double, at::CUDAGeneratorImpl*)::{lambda()#1}::operator()() const::{lambda()#3}::operator()() const::{lambda(float)#1}>(at::TensorIteratorBase&, at::CUDAGeneratorImpl*, at::native::templates::cuda::normal_and_transform<c10::Half, float, at::CUDAGeneratorImpl*, at::native::templates::cuda::normal_kernel<at::CUDAGeneratorImpl*>(at::TensorBase const&, double, double, at::CUDAGeneratorImpl*)::{lambda()#1}::operator()() const::{lambda()#3}::operator()() const::{lambda(float)#1}>(at::TensorIteratorBase&, at::CUDAGeneratorImpl*, at::native::templates::cuda::normal_kernel<at::CUDAGeneratorImpl*>(at::TensorBase const&, double, double, at::CUDAGeneratorImpl*)::{lambda()#1}::operator()() const::{lambda()#3}::operator()() const::{lambda(float)#1})::{lambda(hiprandStatePhilox4_32_10*)#2} const&, at::native::templates::cuda::normal_kernel<at::CUDAGeneratorImpl*>(at::TensorBase const&, double, double, at::CUDAGeneratorImpl*)::{lambda()#1}::operator()() const::{lambda()#3}::operator()() const::{lambda(float)#1})::{lambda(int, float)#1})",3,283409694096611,283409694100701,0,0,256,1,1,262144,1,1
"KERNEL_DISPATCH",7,3,348678,4,24,"void at::native::(anonymous namespace)::distribution_elementwise_grid_stride_kernel<float, 4, at::native::templates::cuda::normal_and_transform<c10::Half, float, at::CUDAGeneratorImpl*, at::native::templates::cuda::normal_kernel<at::CUDAGeneratorImpl*>(at::TensorBase const&, double, double, at::CUDAGeneratorImpl*)::{lambda()#1}::operator()() const::{lambda()#3}::operator()() const::{lambda(float)#1}>(at::TensorIteratorBase&, at::CUDAGeneratorImpl*, at::native::templates::cuda::normal_kernel<at::CUDAGeneratorImpl*>(at::TensorBase const&, double, double, at::CUDAGeneratorImpl*)::{lambda()#1}::operator()() const::{lambda()#3}::operator()() const::{lambda(float)#1})::{lambda(hiprandStatePhilox4_32_10*)#2}, at::native::(anonymous namespace)::distribution_nullary_kernel<c10::Half, float, HIP_vector_type<float, 4u>, at::CUDAGeneratorImpl*, at::native::templates::cuda::normal_and_transform<c10::Half, float, at::CUDAGeneratorImpl*, at::native::templates::cuda::normal_kernel<at::CUDAGeneratorImpl*>(at::TensorBase const&, double, double, at::CUDAGeneratorImpl*)::{lambda()#1}::operator()() const::{lambda()#3}::operator()() const::{lambda(float)#1}>(at::TensorIteratorBase&, at::CUDAGeneratorImpl*, at::native::templates::cuda::normal_kernel<at::CUDAGeneratorImpl*>(at::TensorBase const&, double, double, at::CUDAGeneratorImpl*)::{lambda()#1}::operator()() const::{lambda()#3}::operator()() const::{lambda(float)#1})::{lambda(hiprandStatePhilox4_32_10*)#2}, at::native::templates::cuda::normal_kernel<at::CUDAGeneratorImpl*>(at::TensorBase const&, double, double, at::CUDAGeneratorImpl*)::{lambda()#1}::operator()() const::{lambda()#3}::operator()() const::{lambda(float)#1}>(at::TensorIteratorBase&, at::CUDAGeneratorImpl*, at::native::templates::cuda::normal_and_transform<c10::Half, float, at::CUDAGeneratorImpl*, at::native::templates::cuda::normal_kernel<at::CUDAGeneratorImpl*>(at::TensorBase const&, double, double, at::CUDAGeneratorImpl*)::{lambda()#1}::operator()() const::{lambda()#3}::operator()() const::{lambda(float)#1}>(at::TensorIteratorBase&, at::CUDAGeneratorImpl*, at::native::templates::cuda::normal_kernel<at::CUDAGeneratorImpl*>(at::TensorBase const&, double, double, at::CUDAGeneratorImpl*)::{lambda()#1}::operator()() const::{lambda()#3}::operator()() const::{lambda(float)#1})::{lambda(hiprandStatePhilox4_32_10*)#2} const&, at::native::templates::cuda::normal_kernel<at::CUDAGeneratorImpl*>(at::TensorBase const&, double, double, at::CUDAGeneratorImpl*)::{lambda()#1}::operator()() const::{lambda()#3}::operator()() const::{lambda(float)#1})::{lambda(int, float)#1}>(long, at::PhiloxCudaState, at::native::templates::cuda::normal_and_transform<c10::Half, float, at::CUDAGeneratorImpl*, at::native::templates::cuda::normal_kernel<at::CUDAGeneratorImpl*>(at::TensorBase const&, double, double, at::CUDAGeneratorImpl*)::{lambda()#1}::operator()() const::{lambda()#3}::operator()() const::{lambda(float)#1}>(at::TensorIteratorBase&, at::CUDAGeneratorImpl*, at::native::templates::cuda::normal_kernel<at::CUDAGeneratorImpl*>(at::TensorBase const&, double, double, at::CUDAGeneratorImpl*)::{lambda()#1}::operator()() const::{lambda()#3}::operator()() const::{lambda(float)#1})::{lambda(hiprandStatePhilox4_32_10*)#2}, at::native::(anonymous namespace)::distribution_nullary_kernel<c10::Half, float, HIP_vector_type<float, 4u>, at::CUDAGeneratorImpl*, at::native::templates::cuda::normal_and_transform<c10::Half, float, at::CUDAGeneratorImpl*, at::native::templates::cuda::normal_kernel<at::CUDAGeneratorImpl*>(at::TensorBase const&, double, double, at::CUDAGeneratorImpl*)::{lambda()#1}::operator()() const::{lambda()#3}::operator()() const::{lambda(float)#1}>(at::TensorIteratorBase&, at::CUDAGeneratorImpl*, at::native::templates::cuda::normal_kernel<at::CUDAGeneratorImpl*>(at::TensorBase const&, double, double, at::CUDAGeneratorImpl*)::{lambda()#1}::operator()() const::{lambda()#3}::operator()() const::{lambda(float)#1})::{lambda(hiprandStatePhilox4_32_10*)#2}, at::native::templates::cuda::normal_kernel<at::CUDAGeneratorImpl*>(at::TensorBase const&, double, double, at::CUDAGeneratorImpl*)::{lambda()#1}::operator()() const::{lambda()#3}::operator()() const::{lambda(float)#1}>(at::TensorIteratorBase&, at::CUDAGeneratorImpl*, at::native::templates::cuda::normal_and_transform<c10::Half, float, at::CUDAGeneratorImpl*, at::native::templates::cuda::normal_kernel<at::CUDAGeneratorImpl*>(at::TensorBase const&, double, double, at::CUDAGeneratorImpl*)::{lambda()#1}::operator()() const::{lambda()#3}::operator()() const::{lambda(float)#1}>(at::TensorIteratorBase&, at::CUDAGeneratorImpl*, at::native::templates::cuda::normal_kernel<at::CUDAGeneratorImpl*>(at::TensorBase const&, double, double, at::CUDAGeneratorImpl*)::{lambda()#1}::operator()() const::{lambda()#3}::operator()() const::{lambda(float)#1})::{lambda(hiprandStatePhilox4_32_10*)#2} const&, at::native::templates::cuda::normal_kernel<at::CUDAGeneratorImpl*>(at::TensorBase const&, double, double, at::CUDAGeneratorImpl*)::{lambda()#1}::operator()() const::{lambda()#3}::operator()() const::{lambda(float)#1})::{lambda(int, float)#1})",4,283409694115214,283409694120827,0,0,256,1,1,524288,1,1
"KERNEL_DISPATCH",7,3,348678,5,24,"void at::native::(anonymous namespace)::distribution_elementwise_grid_stride_kernel<float, 4, at::native::templates::cuda::normal_and_transform<c10::Half, float, at::CUDAGeneratorImpl*, at::native::templates::cuda::normal_kernel<at::CUDAGeneratorImpl*>(at::TensorBase const&, double, double, at::CUDAGeneratorImpl*)::{lambda()#1}::operator()() const::{lambda()#3}::operator()() const::{lambda(float)#1}>(at::TensorIteratorBase&, at::CUDAGeneratorImpl*, at::native::templates::cuda::normal_kernel<at::CUDAGeneratorImpl*>(at::TensorBase const&, double, double, at::CUDAGeneratorImpl*)::{lambda()#1}::operator()() const::{lambda()#3}::operator()() const::{lambda(float)#1})::{lambda(hiprandStatePhilox4_32_10*)#2}, at::native::(anonymous namespace)::distribution_nullary_kernel<c10::Half, float, HIP_vector_type<float, 4u>, at::CUDAGeneratorImpl*, at::native::templates::cuda::normal_and_transform<c10::Half, float, at::CUDAGeneratorImpl*, at::native::templates::cuda::normal_kernel<at::CUDAGeneratorImpl*>(at::TensorBase const&, double, double, at::CUDAGeneratorImpl*)::{lambda()#1}::operator()() const::{lambda()#3}::operator()() const::{lambda(float)#1}>(at::TensorIteratorBase&, at::CUDAGeneratorImpl*, at::native::templates::cuda::normal_kernel<at::CUDAGeneratorImpl*>(at::TensorBase const&, double, double, at::CUDAGeneratorImpl*)::{lambda()#1}::operator()() const::{lambda()#3}::operator()() const::{lambda(float)#1})::{lambda(hiprandStatePhilox4_32_10*)#2}, at::native::templates::cuda::normal_kernel<at::CUDAGeneratorImpl*>(at::TensorBase const&, double, double, at::CUDAGeneratorImpl*)::{lambda()#1}::operator()() const::{lambda()#3}::operator()() const::{lambda(float)#1}>(at::TensorIteratorBase&, at::CUDAGeneratorImpl*, at::native::templates::cuda::normal_and_transform<c10::Half, float, at::CUDAGeneratorImpl*, at::native::templates::cuda::normal_kernel<at::CUDAGeneratorImpl*>(at::TensorBase const&, double, double, at::CUDAGeneratorImpl*)::{lambda()#1}::operator()() const::{lambda()#3}::operator()() const::{lambda(float)#1}>(at::TensorIteratorBase&, at::CUDAGeneratorImpl*, at::native::templates::cuda::normal_kernel<at::CUDAGeneratorImpl*>(at::TensorBase const&, double, double, at::CUDAGeneratorImpl*)::{lambda()#1}::operator()() const::{lambda()#3}::operator()() const::{lambda(float)#1})::{lambda(hiprandStatePhilox4_32_10*)#2} const&, at::native::templates::cuda::normal_kernel<at::CUDAGeneratorImpl*>(at::TensorBase const&, double, double, at::CUDAGeneratorImpl*)::{lambda()#1}::operator()() const::{lambda()#3}::operator()() const::{lambda(float)#1})::{lambda(int, float)#1}>(long, at::PhiloxCudaState, at::native::templates::cuda::normal_and_transform<c10::Half, float, at::CUDAGeneratorImpl*, at::native::templates::cuda::normal_kernel<at::CUDAGeneratorImpl*>(at::TensorBase const&, double, double, at::CUDAGeneratorImpl*)::{lambda()#1}::operator()() const::{lambda()#3}::operator()() const::{lambda(float)#1}>(at::TensorIteratorBase&, at::CUDAGeneratorImpl*, at::native::templates::cuda::normal_kernel<at::CUDAGeneratorImpl*>(at::TensorBase const&, double, double, at::CUDAGeneratorImpl*)::{lambda()#1}::operator()() const::{lambda()#3}::operator()() const::{lambda(float)#1})::{lambda(hiprandStatePhilox4_32_10*)#2}, at::native::(anonymous namespace)::distribution_nullary_kernel<c10::Half, float, HIP_vector_type<float, 4u>, at::CUDAGeneratorImpl*, at::native::templates::cuda::normal_and_transform<c10::Half, float, at::CUDAGeneratorImpl*, at::native::templates::cuda::normal_kernel<at::CUDAGeneratorImpl*>(at::TensorBase const&, double, double, at::CUDAGeneratorImpl*)::{lambda()#1}::operator()() const::{lambda()#3}::operator()() const::{lambda(float)#1}>(at::TensorIteratorBase&, at::CUDAGeneratorImpl*, at::native::templates::cuda::normal_kernel<at::CUDAGeneratorImpl*>(at::TensorBase const&, double, double, at::CUDAGeneratorImpl*)::{lambda()#1}::operator()() const::{lambda()#3}::operator()() const::{lambda(float)#1})::{lambda(hiprandStatePhilox4_32_10*)#2}, at::native::templates::cuda::normal_kernel<at::CUDAGeneratorImpl*>(at::TensorBase const&, double, double, at::CUDAGeneratorImpl*)::{lambda()#1}::operator()() const::{lambda()#3}::operator()() const::{lambda(float)#1}>(at::TensorIteratorBase&, at::CUDAGeneratorImpl*, at::native::templates::cuda::normal_and_transform<c10::Half, float, at::CUDAGeneratorImpl*, at::native::templates::cuda::normal_kernel<at::CUDAGeneratorImpl*>(at::TensorBase const&, double, double, at::CUDAGeneratorImpl*)::{lambda()#1}::operator()() const::{lambda()#3}::operator()() const::{lambda(float)#1}>(at::TensorIteratorBase&, at::CUDAGeneratorImpl*, at::native::templates::cuda::normal_kernel<at::CUDAGeneratorImpl*>(at::TensorBase const&, double, double, at::CUDAGeneratorImpl*)::{lambda()#1}::operator()() const::{lambda()#3}::operator()() const::{lambda(float)#1})::{lambda(hiprandStatePhilox4_32_10*)#2} const&, at::native::templates::cuda::normal_kernel<at::CUDAGeneratorImpl*>(at::TensorBase const&, double, double, at::CUDAGeneratorImpl*)::{lambda()#1}::operator()() const::{lambda()#3}::operator()() const::{lambda(float)#1})::{lambda(int, float)#1})",5,283409694126239,283409694168576,0,0,256,1,1,622592,1,1
"KERNEL_DISPATCH",7,3,348678,6,24,"void at::native::(anonymous namespace)::distribution_elementwise_grid_stride_kernel<float, 4, at::native::templates::cuda::normal_and_transform<c10::Half, float, at::CUDAGeneratorImpl*, at::native::templates::cuda::normal_kernel<at::CUDAGeneratorImpl*>(at::TensorBase const&, double, double, at::CUDAGeneratorImpl*)::{lambda()#1}::operator()() const::{lambda()#3}::operator()() const::{lambda(float)#1}>(at::TensorIteratorBase&, at::CUDAGeneratorImpl*, at::native::templates::cuda::normal_kernel<at::CUDAGeneratorImpl*>(at::TensorBase const&, double, double, at::CUDAGeneratorImpl*)::{lambda()#1}::operator()() const::{lambda()#3}::operator()() const::{lambda(float)#1})::{lambda(hiprandStatePhilox4_32_10*)#2}, at::native::(anonymous namespace)::distribution_nullary_kernel<c10::Half, float, HIP_vector_type<float, 4u>, at::CUDAGeneratorImpl*, at::native::templates::cuda::normal_and_transform<c10::Half, float, at::CUDAGeneratorImpl*, at::native::templates::cuda::normal_kernel<at::CUDAGeneratorImpl*>(at::TensorBase const&, double, double, at::CUDAGeneratorImpl*)::{lambda()#1}::operator()() const::{lambda()#3}::operator()() const::{lambda(float)#1}>(at::TensorIteratorBase&, at::CUDAGeneratorImpl*, at::native::templates::cuda::normal_kernel<at::CUDAGeneratorImpl*>(at::TensorBase const&, double, double, at::CUDAGeneratorImpl*)::{lambda()#1}::operator()() const::{lambda()#3}::operator()() const::{lambda(float)#1})::{lambda(hiprandStatePhilox4_32_10*)#2}, at::native::templates::cuda::normal_kernel<at::CUDAGeneratorImpl*>(at::TensorBase const&, double, double, at::CUDAGeneratorImpl*)::{lambda()#1}::operator()() const::{lambda()#3}::operator()() const::{lambda(float)#1}>(at::TensorIteratorBase&, at::CUDAGeneratorImpl*, at::native::templates::cuda::normal_and_transform<c10::Half, float, at::CUDAGeneratorImpl*, at::native::templates::cuda::normal_kernel<at::CUDAGeneratorImpl*>(at::TensorBase const&, double, double, at::CUDAGeneratorImpl*)::{lambda()#1}::operator()() const::{lambda()#3}::operator()() const::{lambda(float)#1}>(at::TensorIteratorBase&, at::CUDAGeneratorImpl*, at::native::templates::cuda::normal_kernel<at::CUDAGeneratorImpl*>(at::TensorBase const&, double, double, at::CUDAGeneratorImpl*)::{lambda()#1}::operator()() const::{lambda()#3}::operator()() const::{lambda(float)#1})::{lambda(hiprandStatePhilox4_32_10*)#2} const&, at::native::templates::cuda::normal_kernel<at::CUDAGeneratorImpl*>(at::TensorBase const&, double, double, at::CUDAGeneratorImpl*)::{lambda()#1}::operator()() const::{lambda()#3}::operator()() const::{lambda(float)#1})::{lambda(int, float)#1}>(long, at::PhiloxCudaState, at::native::templates::cuda::normal_and_transform<c10::Half, float, at::CUDAGeneratorImpl*, at::native::templates::cuda::normal_kernel<at::CUDAGeneratorImpl*>(at::TensorBase const&, double, double, at::CUDAGeneratorImpl*)::{lambda()#1}::operator()() const::{lambda()#3}::operator()() const::{lambda(float)#1}>(at::TensorIteratorBase&, at::CUDAGeneratorImpl*, at::native::templates::cuda::normal_kernel<at::CUDAGeneratorImpl*>(at::TensorBase const&, double, double, at::CUDAGeneratorImpl*)::{lambda()#1}::operator()() const::{lambda()#3}::operator()() const::{lambda(float)#1})::{lambda(hiprandStatePhilox4_32_10*)#2}, at::native::(anonymous namespace)::distribution_nullary_kernel<c10::Half, float, HIP_vector_type<float, 4u>, at::CUDAGeneratorImpl*, at::native::templates::cuda::normal_and_transform<c10::Half, float, at::CUDAGeneratorImpl*, at::native::templates::cuda::normal_kernel<at::CUDAGeneratorImpl*>(at::TensorBase const&, double, double, at::CUDAGeneratorImpl*)::{lambda()#1}::operator()() const::{lambda()#3}::operator()() const::{lambda(float)#1}>(at::TensorIteratorBase&, at::CUDAGeneratorImpl*, at::native::templates::cuda::normal_kernel<at::CUDAGeneratorImpl*>(at::TensorBase const&, double, double, at::CUDAGeneratorImpl*)::{lambda()#1}::operator()() const::{lambda()#3}::operator()() const::{lambda(float)#1})::{lambda(hiprandStatePhilox4_32_10*)#2}, at::native::templates::cuda::normal_kernel<at::CUDAGeneratorImpl*>(at::TensorBase const&, double, double, at::CUDAGeneratorImpl*)::{lambda()#1}::operator()() const::{lambda()#3}::operator()() const::{lambda(float)#1}>(at::TensorIteratorBase&, at::CUDAGeneratorImpl*, at::native::templates::cuda::normal_and_transform<c10::Half, float, at::CUDAGeneratorImpl*, at::native::templates::cuda::normal_kernel<at::CUDAGeneratorImpl*>(at::TensorBase const&, double, double, at::CUDAGeneratorImpl*)::{lambda()#1}::operator()() const::{lambda()#3}::operator()() const::{lambda(float)#1}>(at::TensorIteratorBase&, at::CUDAGeneratorImpl*, at::native::templates::cuda::normal_kernel<at::CUDAGeneratorImpl*>(at::TensorBase const&, double, double, at::CUDAGeneratorImpl*)::{lambda()#1}::operator()() const::{lambda()#3}::operator()() const::{lambda(float)#1})::{lambda(hiprandStatePhilox4_32_10*)#2} const&, at::native::templates::cuda::normal_kernel<at::CUDAGeneratorImpl*>(at::TensorBase const&, double, double, at::CUDAGeneratorImpl*)::{lambda()#1}::operator()() const::{lambda()#3}::operator()() const::{lambda(float)#1})::{lambda(int, float)#1})",6,283409694172946,283409694210873,0,0,256,1,1,622592,1,1
"KERNEL_DISPATCH",7,3,348678,7,24,"void at::native::(anonymous namespace)::distribution_elementwise_grid_stride_kernel<float, 4, at::native::templates::cuda::normal_and_transform<c10::Half, float, at::CUDAGeneratorImpl*, at::native::templates::cuda::normal_kernel<at::CUDAGeneratorImpl*>(at::TensorBase const&, double, double, at::CUDAGeneratorImpl*)::{lambda()#1}::operator()() const::{lambda()#3}::operator()() const::{lambda(float)#1}>(at::TensorIteratorBase&, at::CUDAGeneratorImpl*, at::native::templates::cuda::normal_kernel<at::CUDAGeneratorImpl*>(at::TensorBase const&, double, double, at::CUDAGeneratorImpl*)::{lambda()#1}::operator()() const::{lambda()#3}::operator()() const::{lambda(float)#1})::{lambda(hiprandStatePhilox4_32_10*)#2}, at::native::(anonymous namespace)::distribution_nullary_kernel<c10::Half, float, HIP_vector_type<float, 4u>, at::CUDAGeneratorImpl*, at::native::templates::cuda::normal_and_transform<c10::Half, float, at::CUDAGeneratorImpl*, at::native::templates::cuda::normal_kernel<at::CUDAGeneratorImpl*>(at::TensorBase const&, double, double, at::CUDAGeneratorImpl*)::{lambda()#1}::operator()() const::{lambda()#3}::operator()() const::{lambda(float)#1}>(at::TensorIteratorBase&, at::CUDAGeneratorImpl*, at::native::templates::cuda::normal_kernel<at::CUDAGeneratorImpl*>(at::TensorBase const&, double, double, at::CUDAGeneratorImpl*)::{lambda()#1}::operator()() const::{lambda()#3}::operator()() const::{lambda(float)#1})::{lambda(hiprandStatePhilox4_32_10*)#2}, at::native::templates::cuda::normal_kernel<at::CUDAGeneratorImpl*>(at::TensorBase const&, double, double, at::CUDAGeneratorImpl*)::{lambda()#1}::operator()() const::{lambda()#3}::operator()() const::{lambda(float)#1}>(at::TensorIteratorBase&, at::CUDAGeneratorImpl*, at::native::templates::cuda::normal_and_transform<c10::Half, float, at::CUDAGeneratorImpl*, at::native::templates::cuda::normal_kernel<at::CUDAGeneratorImpl*>(at::TensorBase const&, double, double, at::CUDAGeneratorImpl*)::{lambda()#1}::operator()() const::{lambda()#3}::operator()() const::{lambda(float)#1}>(at::TensorIteratorBase&, at::CUDAGeneratorImpl*, at::native::templates::cuda::normal_kernel<at::CUDAGeneratorImpl*>(at::TensorBase const&, double, double, at::CUDAGeneratorImpl*)::{lambda()#1}::operator()() const::{lambda()#3}::operator()() const::{lambda(float)#1})::{lambda(hiprandStatePhilox4_32_10*)#2} const&, at::native::templates::cuda::normal_kernel<at::CUDAGeneratorImpl*>(at::TensorBase const&, double, double, at::CUDAGeneratorImpl*)::{lambda()#1}::operator()() const::{lambda()#3}::operator()() const::{lambda(float)#1})::{lambda(int, float)#1}>(long, at::PhiloxCudaState, at::native::templates::cuda::normal_and_transform<c10::Half, float, at::CUDAGeneratorImpl*, at::native::templates::cuda::normal_kernel<at::CUDAGeneratorImpl*>(at::TensorBase const&, double, double, at::CUDAGeneratorImpl*)::{lambda()#1}::operator()() const::{lambda()#3}::operator()() const::{lambda(float)#1}>(at::TensorIteratorBase&, at::CUDAGeneratorImpl*, at::native::templates::cuda::normal_kernel<at::CUDAGeneratorImpl*>(at::TensorBase const&, double, double, at::CUDAGeneratorImpl*)::{lambda()#1}::operator()() const::{lambda()#3}::operator()() const::{lambda(float)#1})::{lambda(hiprandStatePhilox4_32_10*)#2}, at::native::(anonymous namespace)::distribution_nullary_kernel<c10::Half, float, HIP_vector_type<float, 4u>, at::CUDAGeneratorImpl*, at::native::templates::cuda::normal_and_transform<c10::Half, float, at::CUDAGeneratorImpl*, at::native::templates::cuda::normal_kernel<at::CUDAGeneratorImpl*>(at::TensorBase const&, double, double, at::CUDAGeneratorImpl*)::{lambda()#1}::operator()() const::{lambda()#3}::operator()() const::{lambda(float)#1}>(at::TensorIteratorBase&, at::CUDAGeneratorImpl*, at::native::templates::cuda::normal_kernel<at::CUDAGeneratorImpl*>(at::TensorBase const&, double, double, at::CUDAGeneratorImpl*)::{lambda()#1}::operator()() const::{lambda()#3}::operator()() const::{lambda(float)#1})::{lambda(hiprandStatePhilox4_32_10*)#2}, at::native::templates::cuda::normal_kernel<at::CUDAGeneratorImpl*>(at::TensorBase const&, double, double, at::CUDAGeneratorImpl*)::{lambda()#1}::operator()() const::{lambda()#3}::operator()() const::{lambda(float)#1}>(at::TensorIteratorBase&, at::CUDAGeneratorImpl*, at::native::templates::cuda::normal_and_transform<c10::Half, float, at::CUDAGeneratorImpl*, at::native::templates::cuda::normal_kernel<at::CUDAGeneratorImpl*>(at::TensorBase const&, double, double, at::CUDAGeneratorImpl*)::{lambda()#1}::operator()() const::{lambda()#3}::operator()() const::{lambda(float)#1}>(at::TensorIteratorBase&, at::CUDAGeneratorImpl*, at::native::templates::cuda::normal_kernel<at::CUDAGeneratorImpl*>(at::TensorBase const&, double, double, at::CUDAGeneratorImpl*)::{lambda()#1}::operator()() const::{lambda()#3}::operator()() const::{lambda(float)#1})::{lambda(hiprandStatePhilox4_32_10*)#2} const&, at::native::templates::cuda::normal_kernel<at::CUDAGeneratorImpl*>(at::TensorBase const&, double, double, at::CUDAGeneratorImpl*)::{lambda()#1}::operator()() const::{lambda()#3}::operator()() const::{lambda(float)#1})::{lambda(int, float)#1})",7,283409694215042,283409694253290,0,0,256,1,1,622592,1,1
"KERNEL_DISPATCH",7,3,348678,8,24,"void at::native::(anonymous namespace)::distribution_elementwise_grid_stride_kernel<float, 4, at::native::templates::cuda::normal_and_transform<c10::Half, float, at::CUDAGeneratorImpl*, at::native::templates::cuda::normal_kernel<at::CUDAGeneratorImpl*>(at::TensorBase const&, double, double, at::CUDAGeneratorImpl*)::{lambda()#1}::operator()() const::{lambda()#3}::operator()() const::{lambda(float)#1}>(at::TensorIteratorBase&, at::CUDAGeneratorImpl*, at::native::templates::cuda::normal_kernel<at::CUDAGeneratorImpl*>(at::TensorBase const&, double, double, at::CUDAGeneratorImpl*)::{lambda()#1}::operator()() const::{lambda()#3}::operator()() const::{lambda(float)#1})::{lambda(hiprandStatePhilox4_32_10*)#2}, at::native::(anonymous namespace)::distribution_nullary_kernel<c10::Half, float, HIP_vector_type<float, 4u>, at::CUDAGeneratorImpl*, at::native::templates::cuda::normal_and_transform<c10::Half, float, at::CUDAGeneratorImpl*, at::native::templates::cuda::normal_kernel<at::CUDAGeneratorImpl*>(at::TensorBase const&, double, double, at::CUDAGeneratorImpl*)::{lambda()#1}::operator()() const::{lambda()#3}::operator()() const::{lambda(float)#1}>(at::TensorIteratorBase&, at::CUDAGeneratorImpl*, at::native::templates::cuda::normal_kernel<at::CUDAGeneratorImpl*>(at::TensorBase const&, double, double, at::CUDAGeneratorImpl*)::{lambda()#1}::operator()() const::{lambda()#3}::operator()() const::{lambda(float)#1})::{lambda(hiprandStatePhilox4_32_10*)#2}, at::native::templates::cuda::normal_kernel<at::CUDAGeneratorImpl*>(at::TensorBase const&, double, double, at::CUDAGeneratorImpl*)::{lambda()#1}::operator()() const::{lambda()#3}::operator()() const::{lambda(float)#1}>(at::TensorIteratorBase&, at::CUDAGeneratorImpl*, at::native::templates::cuda::normal_and_transform<c10::Half, float, at::CUDAGeneratorImpl*, at::native::templates::cuda::normal_kernel<at::CUDAGeneratorImpl*>(at::TensorBase const&, double, double, at::CUDAGeneratorImpl*)::{lambda()#1}::operator()() const::{lambda()#3}::operator()() const::{lambda(float)#1}>(at::TensorIteratorBase&, at::CUDAGeneratorImpl*, at::native::templates::cuda::normal_kernel<at::CUDAGeneratorImpl*>(at::TensorBase const&, double, double, at::CUDAGeneratorImpl*)::{lambda()#1}::operator()() const::{lambda()#3}::operator()() const::{lambda(float)#1})::{lambda(hiprandStatePhilox4_32_10*)#2} const&, at::native::templates::cuda::normal_kernel<at::CUDAGeneratorImpl*>(at::TensorBase const&, double, double, at::CUDAGeneratorImpl*)::{lambda()#1}::operator()() const::{lambda()#3}::operator()() const::{lambda(float)#1})::{lambda(int, float)#1}>(long, at::PhiloxCudaState, at::native::templates::cuda::normal_and_transform<c10::Half, float, at::CUDAGeneratorImpl*, at::native::templates::cuda::normal_kernel<at::CUDAGeneratorImpl*>(at::TensorBase const&, double, double, at::CUDAGeneratorImpl*)::{lambda()#1}::operator()() const::{lambda()#3}::operator()() const::{lambda(float)#1}>(at::TensorIteratorBase&, at::CUDAGeneratorImpl*, at::native::templates::cuda::normal_kernel<at::CUDAGeneratorImpl*>(at::TensorBase const&, double, double, at::CUDAGeneratorImpl*)::{lambda()#1}::operator()() const::{lambda()#3}::operator()() const::{lambda(float)#1})::{lambda(hiprandStatePhilox4_32_10*)#2}, at::native::(anonymous namespace)::distribution_nullary_kernel<c10::Half, float, HIP_vector_type<float, 4u>, at::CUDAGeneratorImpl*, at::native::templates::cuda::normal_and_transform<c10::Half, float, at::CUDAGeneratorImpl*, at::native::templates::cuda::normal_kernel<at::CUDAGeneratorImpl*>(at::TensorBase const&, double, double, at::CUDAGeneratorImpl*)::{lambda()#1}::operator()() const::{lambda()#3}::operator()() const::{lambda(float)#1}>(at::TensorIteratorBase&, at::CUDAGeneratorImpl*, at::native::templates::cuda::normal_kernel<at::CUDAGeneratorImpl*>(at::TensorBase const&, double, double, at::CUDAGeneratorImpl*)::{lambda()#1}::operator()() const::{lambda()#3}::operator()() const::{lambda(float)#1})::{lambda(hiprandStatePhilox4_32_10*)#2}, at::native::templates::cuda::normal_kernel<at::CUDAGeneratorImpl*>(at::TensorBase const&, double, double, at::CUDAGeneratorImpl*)::{lambda()#1}::operator()() const::{lambda()#3}::operator()() const::{lambda(float)#1}>(at::TensorIteratorBase&, at::CUDAGeneratorImpl*, at::native::templates::cuda::normal_and_transform<c10::Half, float, at::CUDAGeneratorImpl*, at::native::templates::cuda::normal_kernel<at::CUDAGeneratorImpl*>(at::TensorBase const&, double, double, at::CUDAGeneratorImpl*)::{lambda()#1}::operator()() const::{lambda()#3}::operator()() const::{lambda(float)#1}>(at::TensorIteratorBase&, at::CUDAGeneratorImpl*, at::native::templates::cuda::normal_kernel<at::CUDAGeneratorImpl*>(at::TensorBase const&, double, double, at::CUDAGeneratorImpl*)::{lambda()#1}::operator()() const::{lambda()#3}::operator()() const::{lambda(float)#1})::{lambda(hiprandStatePhilox4_32_10*)#2} const&, at::native::templates::cuda::normal_kernel<at::CUDAGeneratorImpl*>(at::TensorBase const&, double, double, at::CUDAGeneratorImpl*)::{lambda()#1}::operator()() const::{lambda()#3}::operator()() const::{lambda(float)#1})::{lambda(int, float)#1})",8,283409694257459,283409694261308,0,0,256,1,1,262144,1,1
"KERNEL_DISPATCH",7,3,348678,9,24,"void at::native::(anonymous namespace)::distribution_elementwise_grid_stride_kernel<float, 4, at::native::templates::cuda::normal_and_transform<c10::Half, float, at::CUDAGeneratorImpl*, at::native::templates::cuda::normal_kernel<at::CUDAGeneratorImpl*>(at::TensorBase const&, double, double, at::CUDAGeneratorImpl*)::{lambda()#1}::operator()() const::{lambda()#3}::operator()() const::{lambda(float)#1}>(at::TensorIteratorBase&, at::CUDAGeneratorImpl*, at::native::templates::cuda::normal_kernel<at::CUDAGeneratorImpl*>(at::TensorBase const&, double, double, at::CUDAGeneratorImpl*)::{lambda()#1}::operator()() const::{lambda()#3}::operator()() const::{lambda(float)#1})::{lambda(hiprandStatePhilox4_32_10*)#2}, at::native::(anonymous namespace)::distribution_nullary_kernel<c10::Half, float, HIP_vector_type<float, 4u>, at::CUDAGeneratorImpl*, at::native::templates::cuda::normal_and_transform<c10::Half, float, at::CUDAGeneratorImpl*, at::native::templates::cuda::normal_kernel<at::CUDAGeneratorImpl*>(at::TensorBase const&, double, double, at::CUDAGeneratorImpl*)::{lambda()#1}::operator()() const::{lambda()#3}::operator()() const::{lambda(float)#1}>(at::TensorIteratorBase&, at::CUDAGeneratorImpl*, at::native::templates::cuda::normal_kernel<at::CUDAGeneratorImpl*>(at::TensorBase const&, double, double, at::CUDAGeneratorImpl*)::{lambda()#1}::operator()() const::{lambda()#3}::operator()() const::{lambda(float)#1})::{lambda(hiprandStatePhilox4_32_10*)#2}, at::native::templates::cuda::normal_kernel<at::CUDAGeneratorImpl*>(at::TensorBase const&, double, double, at::CUDAGeneratorImpl*)::{lambda()#1}::operator()() const::{lambda()#3}::operator()() const::{lambda(float)#1}>(at::TensorIteratorBase&, at::CUDAGeneratorImpl*, at::native::templates::cuda::normal_and_transform<c10::Half, float, at::CUDAGeneratorImpl*, at::native::templates::cuda::normal_kernel<at::CUDAGeneratorImpl*>(at::TensorBase const&, double, double, at::CUDAGeneratorImpl*)::{lambda()#1}::operator()() const::{lambda()#3}::operator()() const::{lambda(float)#1}>(at::TensorIteratorBase&, at::CUDAGeneratorImpl*, at::native::templates::cuda::normal_kernel<at::CUDAGeneratorImpl*>(at::TensorBase const&, double, double, at::CUDAGeneratorImpl*)::{lambda()#1}::operator()() const::{lambda()#3}::operator()() const::{lambda(float)#1})::{lambda(hiprandStatePhilox4_32_10*)#2} const&, at::native::templates::cuda::normal_kernel<at::CUDAGeneratorImpl*>(at::TensorBase const&, double, double, at::CUDAGeneratorImpl*)::{lambda()#1}::operator()() const::{lambda()#3}::operator()() const::{lambda(float)#1})::{lambda(int, float)#1}>(long, at::PhiloxCudaState, at::native::templates::cuda::normal_and_transform<c10::Half, float, at::CUDAGeneratorImpl*, at::native::templates::cuda::normal_kernel<at::CUDAGeneratorImpl*>(at::TensorBase const&, double, double, at::CUDAGeneratorImpl*)::{lambda()#1}::operator()() const::{lambda()#3}::operator()() const::{lambda(float)#1}>(at::TensorIteratorBase&, at::CUDAGeneratorImpl*, at::native::templates::cuda::normal_kernel<at::CUDAGeneratorImpl*>(at::TensorBase const&, double, double, at::CUDAGeneratorImpl*)::{lambda()#1}::operator()() const::{lambda()#3}::operator()() const::{lambda(float)#1})::{lambda(hiprandStatePhilox4_32_10*)#2}, at::native::(anonymous namespace)::distribution_nullary_kernel<c10::Half, float, HIP_vector_type<float, 4u>, at::CUDAGeneratorImpl*, at::native::templates::cuda::normal_and_transform<c10::Half, float, at::CUDAGeneratorImpl*, at::native::templates::cuda::normal_kernel<at::CUDAGeneratorImpl*>(at::TensorBase const&, double, double, at::CUDAGeneratorImpl*)::{lambda()#1}::operator()() const::{lambda()#3}::operator()() const::{lambda(float)#1}>(at::TensorIteratorBase&, at::CUDAGeneratorImpl*, at::native::templates::cuda::normal_kernel<at::CUDAGeneratorImpl*>(at::TensorBase const&, double, double, at::CUDAGeneratorImpl*)::{lambda()#1}::operator()() const::{lambda()#3}::operator()() const::{lambda(float)#1})::{lambda(hiprandStatePhilox4_32_10*)#2}, at::native::templates::cuda::normal_kernel<at::CUDAGeneratorImpl*>(at::TensorBase const&, double, double, at::CUDAGeneratorImpl*)::{lambda()#1}::operator()() const::{lambda()#3}::operator()() const::{lambda(float)#1}>(at::TensorIteratorBase&, at::CUDAGeneratorImpl*, at::native::templates::cuda::normal_and_transform<c10::Half, float, at::CUDAGeneratorImpl*, at::native::templates::cuda::normal_kernel<at::CUDAGeneratorImpl*>(at::TensorBase const&, double, double, at::CUDAGeneratorImpl*)::{lambda()#1}::operator()() const::{lambda()#3}::operator()() const::{lambda(float)#1}>(at::TensorIteratorBase&, at::CUDAGeneratorImpl*, at::native::templates::cuda::normal_kernel<at::CUDAGeneratorImpl*>(at::TensorBase const&, double, double, at::CUDAGeneratorImpl*)::{lambda()#1}::operator()() const::{lambda()#3}::operator()() const::{lambda(float)#1})::{lambda(hiprandStatePhilox4_32_10*)#2} const&, at::native::templates::cuda::normal_kernel<at::CUDAGeneratorImpl*>(at::TensorBase const&, double, double, at::CUDAGeneratorImpl*)::{lambda()#1}::operator()() const::{lambda()#3}::operator()() const::{lambda(float)#1})::{lambda(int, float)#1})",9,283409694261308,283409694266360,0,0,256,1,1,262144,1,1
"KERNEL_DISPATCH",7,3,348678,10,24,"void at::native::(anonymous namespace)::distribution_elementwise_grid_stride_kernel<float, 4, at::native::templates::cuda::normal_and_transform<c10::Half, float, at::CUDAGeneratorImpl*, at::native::templates::cuda::normal_kernel<at::CUDAGeneratorImpl*>(at::TensorBase const&, double, double, at::CUDAGeneratorImpl*)::{lambda()#1}::operator()() const::{lambda()#3}::operator()() const::{lambda(float)#1}>(at::TensorIteratorBase&, at::CUDAGeneratorImpl*, at::native::templates::cuda::normal_kernel<at::CUDAGeneratorImpl*>(at::TensorBase const&, double, double, at::CUDAGeneratorImpl*)::{lambda()#1}::operator()() const::{lambda()#3}::operator()() const::{lambda(float)#1})::{lambda(hiprandStatePhilox4_32_10*)#2}, at::native::(anonymous namespace)::distribution_nullary_kernel<c10::Half, float, HIP_vector_type<float, 4u>, at::CUDAGeneratorImpl*, at::native::templates::cuda::normal_and_transform<c10::Half, float, at::CUDAGeneratorImpl*, at::native::templates::cuda::normal_kernel<at::CUDAGeneratorImpl*>(at::TensorBase const&, double, double, at::CUDAGeneratorImpl*)::{lambda()#1}::operator()() const::{lambda()#3}::operator()() const::{lambda(float)#1}>(at::TensorIteratorBase&, at::CUDAGeneratorImpl*, at::native::templates::cuda::normal_kernel<at::CUDAGeneratorImpl*>(at::TensorBase const&, double, double, at::CUDAGeneratorImpl*)::{lambda()#1}::operator()() const::{lambda()#3}::operator()() const::{lambda(float)#1})::{lambda(hiprandStatePhilox4_32_10*)#2}, at::native::templates::cuda::normal_kernel<at::CUDAGeneratorImpl*>(at::TensorBase const&, double, double, at::CUDAGeneratorImpl*)::{lambda()#1}::operator()() const::{lambda()#3}::operator()() const::{lambda(float)#1}>(at::TensorIteratorBase&, at::CUDAGeneratorImpl*, at::native::templates::cuda::normal_and_transform<c10::Half, float, at::CUDAGeneratorImpl*, at::native::templates::cuda::normal_kernel<at::CUDAGeneratorImpl*>(at::TensorBase const&, double, double, at::CUDAGeneratorImpl*)::{lambda()#1}::operator()() const::{lambda()#3}::operator()() const::{lambda(float)#1}>(at::TensorIteratorBase&, at::CUDAGeneratorImpl*, at::native::templates::cuda::normal_kernel<at::CUDAGeneratorImpl*>(at::TensorBase const&, double, double, at::CUDAGeneratorImpl*)::{lambda()#1}::operator()() const::{lambda()#3}::operator()() const::{lambda(float)#1})::{lambda(hiprandStatePhilox4_32_10*)#2} const&, at::native::templates::cuda::normal_kernel<at::CUDAGeneratorImpl*>(at::TensorBase const&, double, double, at::CUDAGeneratorImpl*)::{lambda()#1}::operator()() const::{lambda()#3}::operator()() const::{lambda(float)#1})::{lambda(int, float)#1}>(long, at::PhiloxCudaState, at::native::templates::cuda::normal_and_transform<c10::Half, float, at::CUDAGeneratorImpl*, at::native::templates::cuda::normal_kernel<at::CUDAGeneratorImpl*>(at::TensorBase const&, double, double, at::CUDAGeneratorImpl*)::{lambda()#1}::operator()() const::{lambda()#3}::operator()() const::{lambda(float)#1}>(at::TensorIteratorBase&, at::CUDAGeneratorImpl*, at::native::templates::cuda::normal_kernel<at::CUDAGeneratorImpl*>(at::TensorBase const&, double, double, at::CUDAGeneratorImpl*)::{lambda()#1}::operator()() const::{lambda()#3}::operator()() const::{lambda(float)#1})::{lambda(hiprandStatePhilox4_32_10*)#2}, at::native::(anonymous namespace)::distribution_nullary_kernel<c10::Half, float, HIP_vector_type<float, 4u>, at::CUDAGeneratorImpl*, at::native::templates::cuda::normal_and_transform<c10::Half, float, at::CUDAGeneratorImpl*, at::native::templates::cuda::normal_kernel<at::CUDAGeneratorImpl*>(at::TensorBase const&, double, double, at::CUDAGeneratorImpl*)::{lambda()#1}::operator()() const::{lambda()#3}::operator()() const::{lambda(float)#1}>(at::TensorIteratorBase&, at::CUDAGeneratorImpl*, at::native::templates::cuda::normal_kernel<at::CUDAGeneratorImpl*>(at::TensorBase const&, double, double, at::CUDAGeneratorImpl*)::{lambda()#1}::operator()() const::{lambda()#3}::operator()() const::{lambda(float)#1})::{lambda(hiprandStatePhilox4_32_10*)#2}, at::native::templates::cuda::normal_kernel<at::CUDAGeneratorImpl*>(at::TensorBase const&, double, double, at::CUDAGeneratorImpl*)::{lambda()#1}::operator()() const::{lambda()#3}::operator()() const::{lambda(float)#1}>(at::TensorIteratorBase&, at::CUDAGeneratorImpl*, at::native::templates::cuda::normal_and_transform<c10::Half, float, at::CUDAGeneratorImpl*, at::native::templates::cuda::normal_kernel<at::CUDAGeneratorImpl*>(at::TensorBase const&, double, double, at::CUDAGeneratorImpl*)::{lambda()#1}::operator()() const::{lambda()#3}::operator()() const::{lambda(float)#1}>(at::TensorIteratorBase&, at::CUDAGeneratorImpl*, at::native::templates::cuda::normal_kernel<at::CUDAGeneratorImpl*>(at::TensorBase const&, double, double, at::CUDAGeneratorImpl*)::{lambda()#1}::operator()() const::{lambda()#3}::operator()() const::{lambda(float)#1})::{lambda(hiprandStatePhilox4_32_10*)#2} const&, at::native::templates::cuda::normal_kernel<at::CUDAGeneratorImpl*>(at::TensorBase const&, double, double, at::CUDAGeneratorImpl*)::{lambda()#1}::operator()() const::{lambda()#3}::operator()() const::{lambda(float)#1})::{lambda(int, float)#1})",10,283409694266360,283409694271852,0,0,256,1,1,524288,1,1
"KERNEL_DISPATCH",7,3,348678,11,24,"void at::native::(anonymous namespace)::distribution_elementwise_grid_stride_kernel<float, 4, at::native::templates::cuda::normal_and_transform<c10::Half, float, at::CUDAGeneratorImpl*, at::native::templates::cuda::normal_kernel<at::CUDAGeneratorImpl*>(at::TensorBase const&, double, double, at::CUDAGeneratorImpl*)::{lambda()#1}::operator()() const::{lambda()#3}::operator()() const::{lambda(float)#1}>(at::TensorIteratorBase&, at::CUDAGeneratorImpl*, at::native::templates::cuda::normal_kernel<at::CUDAGeneratorImpl*>(at::TensorBase const&, double, double, at::CUDAGeneratorImpl*)::{lambda()#1}::operator()() const::{lambda()#3}::operator()() const::{lambda(float)#1})::{lambda(hiprandStatePhilox4_32_10*)#2}, at::native::(anonymous namespace)::distribution_nullary_kernel<c10::Half, float, HIP_vector_type<float, 4u>, at::CUDAGeneratorImpl*, at::native::templates::cuda::normal_and_transform<c10::Half, float, at::CUDAGeneratorImpl*, at::native::templates::cuda::normal_kernel<at::CUDAGeneratorImpl*>(at::TensorBase const&, double, double, at::CUDAGeneratorImpl*)::{lambda()#1}::operator()() const::{lambda()#3}::operator()() const::{lambda(float)#1}>(at::TensorIteratorBase&, at::CUDAGeneratorImpl*, at::native::templates::cuda::normal_kernel<at::CUDAGeneratorImpl*>(at::TensorBase const&, double, double, at::CUDAGeneratorImpl*)::{lambda()#1}::operator()() const::{lambda()#3}::operator()() const::{lambda(float)#1})::{lambda(hiprandStatePhilox4_32_10*)#2}, at::native::templates::cuda::normal_kernel<at::CUDAGeneratorImpl*>(at::TensorBase const&, double, double, at::CUDAGeneratorImpl*)::{lambda()#1}::operator()() const::{lambda()#3}::operator()() const::{lambda(float)#1}>(at::TensorIteratorBase&, at::CUDAGeneratorImpl*, at::native::templates::cuda::normal_and_transform<c10::Half, float, at::CUDAGeneratorImpl*, at::native::templates::cuda::normal_kernel<at::CUDAGeneratorImpl*>(at::TensorBase const&, double, double, at::CUDAGeneratorImpl*)::{lambda()#1}::operator()() const::{lambda()#3}::operator()() const::{lambda(float)#1}>(at::TensorIteratorBase&, at::CUDAGeneratorImpl*, at::native::templates::cuda::normal_kernel<at::CUDAGeneratorImpl*>(at::TensorBase const&, double, double, at::CUDAGeneratorImpl*)::{lambda()#1}::operator()() const::{lambda()#3}::operator()() const::{lambda(float)#1})::{lambda(hiprandStatePhilox4_32_10*)#2} const&, at::native::templates::cuda::normal_kernel<at::CUDAGeneratorImpl*>(at::TensorBase const&, double, double, at::CUDAGeneratorImpl*)::{lambda()#1}::operator()() const::{lambda()#3}::operator()() const::{lambda(float)#1})::{lambda(int, float)#1}>(long, at::PhiloxCudaState, at::native::templates::cuda::normal_and_transform<c10::Half, float, at::CUDAGeneratorImpl*, at::native::templates::cuda::normal_kernel<at::CUDAGeneratorImpl*>(at::TensorBase const&, double, double, at::CUDAGeneratorImpl*)::{lambda()#1}::operator()() const::{lambda()#3}::operator()() const::{lambda(float)#1}>(at::TensorIteratorBase&, at::CUDAGeneratorImpl*, at::native::templates::cuda::normal_kernel<at::CUDAGeneratorImpl*>(at::TensorBase const&, double, double, at::CUDAGeneratorImpl*)::{lambda()#1}::operator()() const::{lambda()#3}::operator()() const::{lambda(float)#1})::{lambda(hiprandStatePhilox4_32_10*)#2}, at::native::(anonymous namespace)::distribution_nullary_kernel<c10::Half, float, HIP_vector_type<float, 4u>, at::CUDAGeneratorImpl*, at::native::templates::cuda::normal_and_transform<c10::Half, float, at::CUDAGeneratorImpl*, at::native::templates::cuda::normal_kernel<at::CUDAGeneratorImpl*>(at::TensorBase const&, double, double, at::CUDAGeneratorImpl*)::{lambda()#1}::operator()() const::{lambda()#3}::operator()() const::{lambda(float)#1}>(at::TensorIteratorBase&, at::CUDAGeneratorImpl*, at::native::templates::cuda::normal_kernel<at::CUDAGeneratorImpl*>(at::TensorBase const&, double, double, at::CUDAGeneratorImpl*)::{lambda()#1}::operator()() const::{lambda()#3}::operator()() const::{lambda(float)#1})::{lambda(hiprandStatePhilox4_32_10*)#2}, at::native::templates::cuda::normal_kernel<at::CUDAGeneratorImpl*>(at::TensorBase const&, double, double, at::CUDAGeneratorImpl*)::{lambda()#1}::operator()() const::{lambda()#3}::operator()() const::{lambda(float)#1}>(at::TensorIteratorBase&, at::CUDAGeneratorImpl*, at::native::templates::cuda::normal_and_transform<c10::Half, float, at::CUDAGeneratorImpl*, at::native::templates::cuda::normal_kernel<at::CUDAGeneratorImpl*>(at::TensorBase const&, double, double, at::CUDAGeneratorImpl*)::{lambda()#1}::operator()() const::{lambda()#3}::operator()() const::{lambda(float)#1}>(at::TensorIteratorBase&, at::CUDAGeneratorImpl*, at::native::templates::cuda::normal_kernel<at::CUDAGeneratorImpl*>(at::TensorBase const&, double, double, at::CUDAGeneratorImpl*)::{lambda()#1}::operator()() const::{lambda()#3}::operator()() const::{lambda(float)#1})::{lambda(hiprandStatePhilox4_32_10*)#2} const&, at::native::templates::cuda::normal_kernel<at::CUDAGeneratorImpl*>(at::TensorBase const&, double, double, at::CUDAGeneratorImpl*)::{lambda()#1}::operator()() const::{lambda()#3}::operator()() const::{lambda(float)#1})::{lambda(int, float)#1})",11,283409694271852,283409694310862,0,0,256,1,1,622592,1,1
"KERNEL_DISPATCH",7,3,348678,12,24,"void at::native::(anonymous namespace)::distribution_elementwise_grid_stride_kernel<float, 4, at::native::templates::cuda::normal_and_transform<c10::Half, float, at::CUDAGeneratorImpl*, at::native::templates::cuda::normal_kernel<at::CUDAGeneratorImpl*>(at::TensorBase const&, double, double, at::CUDAGeneratorImpl*)::{lambda()#1}::operator()() const::{lambda()#3}::operator()() const::{lambda(float)#1}>(at::TensorIteratorBase&, at::CUDAGeneratorImpl*, at::native::templates::cuda::normal_kernel<at::CUDAGeneratorImpl*>(at::TensorBase const&, double, double, at::CUDAGeneratorImpl*)::{lambda()#1}::operator()() const::{lambda()#3}::operator()() const::{lambda(float)#1})::{lambda(hiprandStatePhilox4_32_10*)#2}, at::native::(anonymous namespace)::distribution_nullary_kernel<c10::Half, float, HIP_vector_type<float, 4u>, at::CUDAGeneratorImpl*, at::native::templates::cuda::normal_and_transform<c10::Half, float, at::CUDAGeneratorImpl*, at::native::templates::cuda::normal_kernel<at::CUDAGeneratorImpl*>(at::TensorBase const&, double, double, at::CUDAGeneratorImpl*)::{lambda()#1}::operator()() const::{lambda()#3}::operator()() const::{lambda(float)#1}>(at::TensorIteratorBase&, at::CUDAGeneratorImpl*, at::native::templates::cuda::normal_kernel<at::CUDAGeneratorImpl*>(at::TensorBase const&, double, double, at::CUDAGeneratorImpl*)::{lambda()#1}::operator()() const::{lambda()#3}::operator()() const::{lambda(float)#1})::{lambda(hiprandStatePhilox4_32_10*)#2}, at::native::templates::cuda::normal_kernel<at::CUDAGeneratorImpl*>(at::TensorBase const&, double, double, at::CUDAGeneratorImpl*)::{lambda()#1}::operator()() const::{lambda()#3}::operator()() const::{lambda(float)#1}>(at::TensorIteratorBase&, at::CUDAGeneratorImpl*, at::native::templates::cuda::normal_and_transform<c10::Half, float, at::CUDAGeneratorImpl*, at::native::templates::cuda::normal_kernel<at::CUDAGeneratorImpl*>(at::TensorBase const&, double, double, at::CUDAGeneratorImpl*)::{lambda()#1}::operator()() const::{lambda()#3}::operator()() const::{lambda(float)#1}>(at::TensorIteratorBase&, at::CUDAGeneratorImpl*, at::native::templates::cuda::normal_kernel<at::CUDAGeneratorImpl*>(at::TensorBase const&, double, double, at::CUDAGeneratorImpl*)::{lambda()#1}::operator()() const::{lambda()#3}::operator()() const::{lambda(float)#1})::{lambda(hiprandStatePhilox4_32_10*)#2} const&, at::native::templates::cuda::normal_kernel<at::CUDAGeneratorImpl*>(at::TensorBase const&, double, double, at::CUDAGeneratorImpl*)::{lambda()#1}::operator()() const::{lambda()#3}::operator()() const::{lambda(float)#1})::{lambda(int, float)#1}>(long, at::PhiloxCudaState, at::native::templates::cuda::normal_and_transform<c10::Half, float, at::CUDAGeneratorImpl*, at::native::templates::cuda::normal_kernel<at::CUDAGeneratorImpl*>(at::TensorBase const&, double, double, at::CUDAGeneratorImpl*)::{lambda()#1}::operator()() const::{lambda()#3}::operator()() const::{lambda(float)#1}>(at::TensorIteratorBase&, at::CUDAGeneratorImpl*, at::native::templates::cuda::normal_kernel<at::CUDAGeneratorImpl*>(at::TensorBase const&, double, double, at::CUDAGeneratorImpl*)::{lambda()#1}::operator()() const::{lambda()#3}::operator()() const::{lambda(float)#1})::{lambda(hiprandStatePhilox4_32_10*)#2}, at::native::(anonymous namespace)::distribution_nullary_kernel<c10::Half, float, HIP_vector_type<float, 4u>, at::CUDAGeneratorImpl*, at::native::templates::cuda::normal_and_transform<c10::Half, float, at::CUDAGeneratorImpl*, at::native::templates::cuda::normal_kernel<at::CUDAGeneratorImpl*>(at::TensorBase const&, double, double, at::CUDAGeneratorImpl*)::{lambda()#1}::operator()() const::{lambda()#3}::operator()() const::{lambda(float)#1}>(at::TensorIteratorBase&, at::CUDAGeneratorImpl*, at::native::templates::cuda::normal_kernel<at::CUDAGeneratorImpl*>(at::TensorBase const&, double, double, at::CUDAGeneratorImpl*)::{lambda()#1}::operator()() const::{lambda()#3}::operator()() const::{lambda(float)#1})::{lambda(hiprandStatePhilox4_32_10*)#2}, at::native::templates::cuda::normal_kernel<at::CUDAGeneratorImpl*>(at::TensorBase const&, double, double, at::CUDAGeneratorImpl*)::{lambda()#1}::operator()() const::{lambda()#3}::operator()() const::{lambda(float)#1}>(at::TensorIteratorBase&, at::CUDAGeneratorImpl*, at::native::templates::cuda::normal_and_transform<c10::Half, float, at::CUDAGeneratorImpl*, at::native::templates::cuda::normal_kernel<at::CUDAGeneratorImpl*>(at::TensorBase const&, double, double, at::CUDAGeneratorImpl*)::{lambda()#1}::operator()() const::{lambda()#3}::operator()() const::{lambda(float)#1}>(at::TensorIteratorBase&, at::CUDAGeneratorImpl*, at::native::templates::cuda::normal_kernel<at::CUDAGeneratorImpl*>(at::TensorBase const&, double, double, at::CUDAGeneratorImpl*)::{lambda()#1}::operator()() const::{lambda()#3}::operator()() const::{lambda(float)#1})::{lambda(hiprandStatePhilox4_32_10*)#2} const&, at::native::templates::cuda::normal_kernel<at::CUDAGeneratorImpl*>(at::TensorBase const&, double, double, at::CUDAGeneratorImpl*)::{lambda()#1}::operator()() const::{lambda()#3}::operator()() const::{lambda(float)#1})::{lambda(int, float)#1})",12,283409694310862,283409694349911,0,0,256,1,1,622592,1,1
"KERNEL_DISPATCH",7,3,348678,13,24,"void at::native::(anonymous namespace)::distribution_elementwise_grid_stride_kernel<float, 4, at::native::templates::cuda::normal_and_transform<c10::Half, float, at::CUDAGeneratorImpl*, at::native::templates::cuda::normal_kernel<at::CUDAGeneratorImpl*>(at::TensorBase const&, double, double, at::CUDAGeneratorImpl*)::{lambda()#1}::operator()() const::{lambda()#3}::operator()() const::{lambda(float)#1}>(at::TensorIteratorBase&, at::CUDAGeneratorImpl*, at::native::templates::cuda::normal_kernel<at::CUDAGeneratorImpl*>(at::TensorBase const&, double, double, at::CUDAGeneratorImpl*)::{lambda()#1}::operator()() const::{lambda()#3}::operator()() const::{lambda(float)#1})::{lambda(hiprandStatePhilox4_32_10*)#2}, at::native::(anonymous namespace)::distribution_nullary_kernel<c10::Half, float, HIP_vector_type<float, 4u>, at::CUDAGeneratorImpl*, at::native::templates::cuda::normal_and_transform<c10::Half, float, at::CUDAGeneratorImpl*, at::native::templates::cuda::normal_kernel<at::CUDAGeneratorImpl*>(at::TensorBase const&, double, double, at::CUDAGeneratorImpl*)::{lambda()#1}::operator()() const::{lambda()#3}::operator()() const::{lambda(float)#1}>(at::TensorIteratorBase&, at::CUDAGeneratorImpl*, at::native::templates::cuda::normal_kernel<at::CUDAGeneratorImpl*>(at::TensorBase const&, double, double, at::CUDAGeneratorImpl*)::{lambda()#1}::operator()() const::{lambda()#3}::operator()() const::{lambda(float)#1})::{lambda(hiprandStatePhilox4_32_10*)#2}, at::native::templates::cuda::normal_kernel<at::CUDAGeneratorImpl*>(at::TensorBase const&, double, double, at::CUDAGeneratorImpl*)::{lambda()#1}::operator()() const::{lambda()#3}::operator()() const::{lambda(float)#1}>(at::TensorIteratorBase&, at::CUDAGeneratorImpl*, at::native::templates::cuda::normal_and_transform<c10::Half, float, at::CUDAGeneratorImpl*, at::native::templates::cuda::normal_kernel<at::CUDAGeneratorImpl*>(at::TensorBase const&, double, double, at::CUDAGeneratorImpl*)::{lambda()#1}::operator()() const::{lambda()#3}::operator()() const::{lambda(float)#1}>(at::TensorIteratorBase&, at::CUDAGeneratorImpl*, at::native::templates::cuda::normal_kernel<at::CUDAGeneratorImpl*>(at::TensorBase const&, double, double, at::CUDAGeneratorImpl*)::{lambda()#1}::operator()() const::{lambda()#3}::operator()() const::{lambda(float)#1})::{lambda(hiprandStatePhilox4_32_10*)#2} const&, at::native::templates::cuda::normal_kernel<at::CUDAGeneratorImpl*>(at::TensorBase const&, double, double, at::CUDAGeneratorImpl*)::{lambda()#1}::operator()() const::{lambda()#3}::operator()() const::{lambda(float)#1})::{lambda(int, float)#1}>(long, at::PhiloxCudaState, at::native::templates::cuda::normal_and_transform<c10::Half, float, at::CUDAGeneratorImpl*, at::native::templates::cuda::normal_kernel<at::CUDAGeneratorImpl*>(at::TensorBase const&, double, double, at::CUDAGeneratorImpl*)::{lambda()#1}::operator()() const::{lambda()#3}::operator()() const::{lambda(float)#1}>(at::TensorIteratorBase&, at::CUDAGeneratorImpl*, at::native::templates::cuda::normal_kernel<at::CUDAGeneratorImpl*>(at::TensorBase const&, double, double, at::CUDAGeneratorImpl*)::{lambda()#1}::operator()() const::{lambda()#3}::operator()() const::{lambda(float)#1})::{lambda(hiprandStatePhilox4_32_10*)#2}, at::native::(anonymous namespace)::distribution_nullary_kernel<c10::Half, float, HIP_vector_type<float, 4u>, at::CUDAGeneratorImpl*, at::native::templates::cuda::normal_and_transform<c10::Half, float, at::CUDAGeneratorImpl*, at::native::templates::cuda::normal_kernel<at::CUDAGeneratorImpl*>(at::TensorBase const&, double, double, at::CUDAGeneratorImpl*)::{lambda()#1}::operator()() const::{lambda()#3}::operator()() const::{lambda(float)#1}>(at::TensorIteratorBase&, at::CUDAGeneratorImpl*, at::native::templates::cuda::normal_kernel<at::CUDAGeneratorImpl*>(at::TensorBase const&, double, double, at::CUDAGeneratorImpl*)::{lambda()#1}::operator()() const::{lambda()#3}::operator()() const::{lambda(float)#1})::{lambda(hiprandStatePhilox4_32_10*)#2}, at::native::templates::cuda::normal_kernel<at::CUDAGeneratorImpl*>(at::TensorBase const&, double, double, at::CUDAGeneratorImpl*)::{lambda()#1}::operator()() const::{lambda()#3}::operator()() const::{lambda(float)#1}>(at::TensorIteratorBase&, at::CUDAGeneratorImpl*, at::native::templates::cuda::normal_and_transform<c10::Half, float, at::CUDAGeneratorImpl*, at::native::templates::cuda::normal_kernel<at::CUDAGeneratorImpl*>(at::TensorBase const&, double, double, at::CUDAGeneratorImpl*)::{lambda()#1}::operator()() const::{lambda()#3}::operator()() const::{lambda(float)#1}>(at::TensorIteratorBase&, at::CUDAGeneratorImpl*, at::native::templates::cuda::normal_kernel<at::CUDAGeneratorImpl*>(at::TensorBase const&, double, double, at::CUDAGeneratorImpl*)::{lambda()#1}::operator()() const::{lambda()#3}::operator()() const::{lambda(float)#1})::{lambda(hiprandStatePhilox4_32_10*)#2} const&, at::native::templates::cuda::normal_kernel<at::CUDAGeneratorImpl*>(at::TensorBase const&, double, double, at::CUDAGeneratorImpl*)::{lambda()#1}::operator()() const::{lambda()#3}::operator()() const::{lambda(float)#1})::{lambda(int, float)#1})",13,283409694349911,283409694389281,0,0,256,1,1,622592,1,1
"KERNEL_DISPATCH",7,3,348678,14,24,"void at::native::(anonymous namespace)::distribution_elementwise_grid_stride_kernel<float, 4, at::native::templates::cuda::normal_and_transform<c10::Half, float, at::CUDAGeneratorImpl*, at::native::templates::cuda::normal_kernel<at::CUDAGeneratorImpl*>(at::TensorBase const&, double, double, at::CUDAGeneratorImpl*)::{lambda()#1}::operator()() const::{lambda()#3}::operator()() const::{lambda(float)#1}>(at::TensorIteratorBase&, at::CUDAGeneratorImpl*, at::native::templates::cuda::normal_kernel<at::CUDAGeneratorImpl*>(at::TensorBase const&, double, double, at::CUDAGeneratorImpl*)::{lambda()#1}::operator()() const::{lambda()#3}::operator()() const::{lambda(float)#1})::{lambda(hiprandStatePhilox4_32_10*)#2}, at::native::(anonymous namespace)::distribution_nullary_kernel<c10::Half, float, HIP_vector_type<float, 4u>, at::CUDAGeneratorImpl*, at::native::templates::cuda::normal_and_transform<c10::Half, float, at::CUDAGeneratorImpl*, at::native::templates::cuda::normal_kernel<at::CUDAGeneratorImpl*>(at::TensorBase const&, double, double, at::CUDAGeneratorImpl*)::{lambda()#1}::operator()() const::{lambda()#3}::operator()() const::{lambda(float)#1}>(at::TensorIteratorBase&, at::CUDAGeneratorImpl*, at::native::templates::cuda::normal_kernel<at::CUDAGeneratorImpl*>(at::TensorBase const&, double, double, at::CUDAGeneratorImpl*)::{lambda()#1}::operator()() const::{lambda()#3}::operator()() const::{lambda(float)#1})::{lambda(hiprandStatePhilox4_32_10*)#2}, at::native::templates::cuda::normal_kernel<at::CUDAGeneratorImpl*>(at::TensorBase const&, double, double, at::CUDAGeneratorImpl*)::{lambda()#1}::operator()() const::{lambda()#3}::operator()() const::{lambda(float)#1}>(at::TensorIteratorBase&, at::CUDAGeneratorImpl*, at::native::templates::cuda::normal_and_transform<c10::Half, float, at::CUDAGeneratorImpl*, at::native::templates::cuda::normal_kernel<at::CUDAGeneratorImpl*>(at::TensorBase const&, double, double, at::CUDAGeneratorImpl*)::{lambda()#1}::operator()() const::{lambda()#3}::operator()() const::{lambda(float)#1}>(at::TensorIteratorBase&, at::CUDAGeneratorImpl*, at::native::templates::cuda::normal_kernel<at::CUDAGeneratorImpl*>(at::TensorBase const&, double, double, at::CUDAGeneratorImpl*)::{lambda()#1}::operator()() const::{lambda()#3}::operator()() const::{lambda(float)#1})::{lambda(hiprandStatePhilox4_32_10*)#2} const&, at::native::templates::cuda::normal_kernel<at::CUDAGeneratorImpl*>(at::TensorBase const&, double, double, at::CUDAGeneratorImpl*)::{lambda()#1}::operator()() const::{lambda()#3}::operator()() const::{lambda(float)#1})::{lambda(int, float)#1}>(long, at::PhiloxCudaState, at::native::templates::cuda::normal_and_transform<c10::Half, float, at::CUDAGeneratorImpl*, at::native::templates::cuda::normal_kernel<at::CUDAGeneratorImpl*>(at::TensorBase const&, double, double, at::CUDAGeneratorImpl*)::{lambda()#1}::operator()() const::{lambda()#3}::operator()() const::{lambda(float)#1}>(at::TensorIteratorBase&, at::CUDAGeneratorImpl*, at::native::templates::cuda::normal_kernel<at::CUDAGeneratorImpl*>(at::TensorBase const&, double, double, at::CUDAGeneratorImpl*)::{lambda()#1}::operator()() const::{lambda()#3}::operator()() const::{lambda(float)#1})::{lambda(hiprandStatePhilox4_32_10*)#2}, at::native::(anonymous namespace)::distribution_nullary_kernel<c10::Half, float, HIP_vector_type<float, 4u>, at::CUDAGeneratorImpl*, at::native::templates::cuda::normal_and_transform<c10::Half, float, at::CUDAGeneratorImpl*, at::native::templates::cuda::normal_kernel<at::CUDAGeneratorImpl*>(at::TensorBase const&, double, double, at::CUDAGeneratorImpl*)::{lambda()#1}::operator()() const::{lambda()#3}::operator()() const::{lambda(float)#1}>(at::TensorIteratorBase&, at::CUDAGeneratorImpl*, at::native::templates::cuda::normal_kernel<at::CUDAGeneratorImpl*>(at::TensorBase const&, double, double, at::CUDAGeneratorImpl*)::{lambda()#1}::operator()() const::{lambda()#3}::operator()() const::{lambda(float)#1})::{lambda(hiprandStatePhilox4_32_10*)#2}, at::native::templates::cuda::normal_kernel<at::CUDAGeneratorImpl*>(at::TensorBase const&, double, double, at::CUDAGeneratorImpl*)::{lambda()#1}::operator()() const::{lambda()#3}::operator()() const::{lambda(float)#1}>(at::TensorIteratorBase&, at::CUDAGeneratorImpl*, at::native::templates::cuda::normal_and_transform<c10::Half, float, at::CUDAGeneratorImpl*, at::native::templates::cuda::normal_kernel<at::CUDAGeneratorImpl*>(at::TensorBase const&, double, double, at::CUDAGeneratorImpl*)::{lambda()#1}::operator()() const::{lambda()#3}::operator()() const::{lambda(float)#1}>(at::TensorIteratorBase&, at::CUDAGeneratorImpl*, at::native::templates::cuda::normal_kernel<at::CUDAGeneratorImpl*>(at::TensorBase const&, double, double, at::CUDAGeneratorImpl*)::{lambda()#1}::operator()() const::{lambda()#3}::operator()() const::{lambda(float)#1})::{lambda(hiprandStatePhilox4_32_10*)#2} const&, at::native::templates::cuda::normal_kernel<at::CUDAGeneratorImpl*>(at::TensorBase const&, double, double, at::CUDAGeneratorImpl*)::{lambda()#1}::operator()() const::{lambda()#3}::operator()() const::{lambda(float)#1})::{lambda(int, float)#1})",14,283409694389281,283409694394292,0,0,256,1,1,262144,1,1
"KERNEL_DISPATCH",7,3,348678,15,24,"void at::native::(anonymous namespace)::distribution_elementwise_grid_stride_kernel<float, 4, at::native::templates::cuda::normal_and_transform<c10::Half, float, at::CUDAGeneratorImpl*, at::native::templates::cuda::normal_kernel<at::CUDAGeneratorImpl*>(at::TensorBase const&, double, double, at::CUDAGeneratorImpl*)::{lambda()#1}::operator()() const::{lambda()#3}::operator()() const::{lambda(float)#1}>(at::TensorIteratorBase&, at::CUDAGeneratorImpl*, at::native::templates::cuda::normal_kernel<at::CUDAGeneratorImpl*>(at::TensorBase const&, double, double, at::CUDAGeneratorImpl*)::{lambda()#1}::operator()() const::{lambda()#3}::operator()() const::{lambda(float)#1})::{lambda(hiprandStatePhilox4_32_10*)#2}, at::native::(anonymous namespace)::distribution_nullary_kernel<c10::Half, float, HIP_vector_type<float, 4u>, at::CUDAGeneratorImpl*, at::native::templates::cuda::normal_and_transform<c10::Half, float, at::CUDAGeneratorImpl*, at::native::templates::cuda::normal_kernel<at::CUDAGeneratorImpl*>(at::TensorBase const&, double, double, at::CUDAGeneratorImpl*)::{lambda()#1}::operator()() const::{lambda()#3}::operator()() const::{lambda(float)#1}>(at::TensorIteratorBase&, at::CUDAGeneratorImpl*, at::native::templates::cuda::normal_kernel<at::CUDAGeneratorImpl*>(at::TensorBase const&, double, double, at::CUDAGeneratorImpl*)::{lambda()#1}::operator()() const::{lambda()#3}::operator()() const::{lambda(float)#1})::{lambda(hiprandStatePhilox4_32_10*)#2}, at::native::templates::cuda::normal_kernel<at::CUDAGeneratorImpl*>(at::TensorBase const&, double, double, at::CUDAGeneratorImpl*)::{lambda()#1}::operator()() const::{lambda()#3}::operator()() const::{lambda(float)#1}>(at::TensorIteratorBase&, at::CUDAGeneratorImpl*, at::native::templates::cuda::normal_and_transform<c10::Half, float, at::CUDAGeneratorImpl*, at::native::templates::cuda::normal_kernel<at::CUDAGeneratorImpl*>(at::TensorBase const&, double, double, at::CUDAGeneratorImpl*)::{lambda()#1}::operator()() const::{lambda()#3}::operator()() const::{lambda(float)#1}>(at::TensorIteratorBase&, at::CUDAGeneratorImpl*, at::native::templates::cuda::normal_kernel<at::CUDAGeneratorImpl*>(at::TensorBase const&, double, double, at::CUDAGeneratorImpl*)::{lambda()#1}::operator()() const::{lambda()#3}::operator()() const::{lambda(float)#1})::{lambda(hiprandStatePhilox4_32_10*)#2} const&, at::native::templates::cuda::normal_kernel<at::CUDAGeneratorImpl*>(at::TensorBase const&, double, double, at::CUDAGeneratorImpl*)::{lambda()#1}::operator()() const::{lambda()#3}::operator()() const::{lambda(float)#1})::{lambda(int, float)#1}>(long, at::PhiloxCudaState, at::native::templates::cuda::normal_and_transform<c10::Half, float, at::CUDAGeneratorImpl*, at::native::templates::cuda::normal_kernel<at::CUDAGeneratorImpl*>(at::TensorBase const&, double, double, at::CUDAGeneratorImpl*)::{lambda()#1}::operator()() const::{lambda()#3}::operator()() const::{lambda(float)#1}>(at::TensorIteratorBase&, at::CUDAGeneratorImpl*, at::native::templates::cuda::normal_kernel<at::CUDAGeneratorImpl*>(at::TensorBase const&, double, double, at::CUDAGeneratorImpl*)::{lambda()#1}::operator()() const::{lambda()#3}::operator()() const::{lambda(float)#1})::{lambda(hiprandStatePhilox4_32_10*)#2}, at::native::(anonymous namespace)::distribution_nullary_kernel<c10::Half, float, HIP_vector_type<float, 4u>, at::CUDAGeneratorImpl*, at::native::templates::cuda::normal_and_transform<c10::Half, float, at::CUDAGeneratorImpl*, at::native::templates::cuda::normal_kernel<at::CUDAGeneratorImpl*>(at::TensorBase const&, double, double, at::CUDAGeneratorImpl*)::{lambda()#1}::operator()() const::{lambda()#3}::operator()() const::{lambda(float)#1}>(at::TensorIteratorBase&, at::CUDAGeneratorImpl*, at::native::templates::cuda::normal_kernel<at::CUDAGeneratorImpl*>(at::TensorBase const&, double, double, at::CUDAGeneratorImpl*)::{lambda()#1}::operator()() const::{lambda()#3}::operator()() const::{lambda(float)#1})::{lambda(hiprandStatePhilox4_32_10*)#2}, at::native::templates::cuda::normal_kernel<at::CUDAGeneratorImpl*>(at::TensorBase const&, double, double, at::CUDAGeneratorImpl*)::{lambda()#1}::operator()() const::{lambda()#3}::operator()() const::{lambda(float)#1}>(at::TensorIteratorBase&, at::CUDAGeneratorImpl*, at::native::templates::cuda::normal_and_transform<c10::Half, float, at::CUDAGeneratorImpl*, at::native::templates::cuda::normal_kernel<at::CUDAGeneratorImpl*>(at::TensorBase const&, double, double, at::CUDAGeneratorImpl*)::{lambda()#1}::operator()() const::{lambda()#3}::operator()() const::{lambda(float)#1}>(at::TensorIteratorBase&, at::CUDAGeneratorImpl*, at::native::templates::cuda::normal_kernel<at::CUDAGeneratorImpl*>(at::TensorBase const&, double, double, at::CUDAGeneratorImpl*)::{lambda()#1}::operator()() const::{lambda()#3}::operator()() const::{lambda(float)#1})::{lambda(hiprandStatePhilox4_32_10*)#2} const&, at::native::templates::cuda::normal_kernel<at::CUDAGeneratorImpl*>(at::TensorBase const&, double, double, at::CUDAGeneratorImpl*)::{lambda()#1}::operator()() const::{lambda()#3}::operator()() const::{lambda(float)#1})::{lambda(int, float)#1})",15,283409694394287,283409694399219,0,0,256,1,1,262144,1,1
"KERNEL_DISPATCH",7,3,348678,16,24,"void at::native::(anonymous namespace)::distribution_elementwise_grid_stride_kernel<float, 4, at::native::templates::cuda::normal_and_transform<c10::Half, float, at::CUDAGeneratorImpl*, at::native::templates::cuda::normal_kernel<at::CUDAGeneratorImpl*>(at::TensorBase const&, double, double, at::CUDAGeneratorImpl*)::{lambda()#1}::operator()() const::{lambda()#3}::operator()() const::{lambda(float)#1}>(at::TensorIteratorBase&, at::CUDAGeneratorImpl*, at::native::templates::cuda::normal_kernel<at::CUDAGeneratorImpl*>(at::TensorBase const&, double, double, at::CUDAGeneratorImpl*)::{lambda()#1}::operator()() const::{lambda()#3}::operator()() const::{lambda(float)#1})::{lambda(hiprandStatePhilox4_32_10*)#2}, at::native::(anonymous namespace)::distribution_nullary_kernel<c10::Half, float, HIP_vector_type<float, 4u>, at::CUDAGeneratorImpl*, at::native::templates::cuda::normal_and_transform<c10::Half, float, at::CUDAGeneratorImpl*, at::native::templates::cuda::normal_kernel<at::CUDAGeneratorImpl*>(at::TensorBase const&, double, double, at::CUDAGeneratorImpl*)::{lambda()#1}::operator()() const::{lambda()#3}::operator()() const::{lambda(float)#1}>(at::TensorIteratorBase&, at::CUDAGeneratorImpl*, at::native::templates::cuda::normal_kernel<at::CUDAGeneratorImpl*>(at::TensorBase const&, double, double, at::CUDAGeneratorImpl*)::{lambda()#1}::operator()() const::{lambda()#3}::operator()() const::{lambda(float)#1})::{lambda(hiprandStatePhilox4_32_10*)#2}, at::native::templates::cuda::normal_kernel<at::CUDAGeneratorImpl*>(at::TensorBase const&, double, double, at::CUDAGeneratorImpl*)::{lambda()#1}::operator()() const::{lambda()#3}::operator()() const::{lambda(float)#1}>(at::TensorIteratorBase&, at::CUDAGeneratorImpl*, at::native::templates::cuda::normal_and_transform<c10::Half, float, at::CUDAGeneratorImpl*, at::native::templates::cuda::normal_kernel<at::CUDAGeneratorImpl*>(at::TensorBase const&, double, double, at::CUDAGeneratorImpl*)::{lambda()#1}::operator()() const::{lambda()#3}::operator()() const::{lambda(float)#1}>(at::TensorIteratorBase&, at::CUDAGeneratorImpl*, at::native::templates::cuda::normal_kernel<at::CUDAGeneratorImpl*>(at::TensorBase const&, double, double, at::CUDAGeneratorImpl*)::{lambda()#1}::operator()() const::{lambda()#3}::operator()() const::{lambda(float)#1})::{lambda(hiprandStatePhilox4_32_10*)#2} const&, at::native::templates::cuda::normal_kernel<at::CUDAGeneratorImpl*>(at::TensorBase const&, double, double, at::CUDAGeneratorImpl*)::{lambda()#1}::operator()() const::{lambda()#3}::operator()() const::{lambda(float)#1})::{lambda(int, float)#1}>(long, at::PhiloxCudaState, at::native::templates::cuda::normal_and_transform<c10::Half, float, at::CUDAGeneratorImpl*, at::native::templates::cuda::normal_kernel<at::CUDAGeneratorImpl*>(at::TensorBase const&, double, double, at::CUDAGeneratorImpl*)::{lambda()#1}::operator()() const::{lambda()#3}::operator()() const::{lambda(float)#1}>(at::TensorIteratorBase&, at::CUDAGeneratorImpl*, at::native::templates::cuda::normal_kernel<at::CUDAGeneratorImpl*>(at::TensorBase const&, double, double, at::CUDAGeneratorImpl*)::{lambda()#1}::operator()() const::{lambda()#3}::operator()() const::{lambda(float)#1})::{lambda(hiprandStatePhilox4_32_10*)#2}, at::native::(anonymous namespace)::distribution_nullary_kernel<c10::Half, float, HIP_vector_type<float, 4u>, at::CUDAGeneratorImpl*, at::native::templates::cuda::normal_and_transform<c10::Half, float, at::CUDAGeneratorImpl*, at::native::templates::cuda::normal_kernel<at::CUDAGeneratorImpl*>(at::TensorBase const&, double, double, at::CUDAGeneratorImpl*)::{lambda()#1}::operator()() const::{lambda()#3}::operator()() const::{lambda(float)#1}>(at::TensorIteratorBase&, at::CUDAGeneratorImpl*, at::native::templates::cuda::normal_kernel<at::CUDAGeneratorImpl*>(at::TensorBase const&, double, double, at::CUDAGeneratorImpl*)::{lambda()#1}::operator()() const::{lambda()#3}::operator()() const::{lambda(float)#1})::{lambda(hiprandStatePhilox4_32_10*)#2}, at::native::templates::cuda::normal_kernel<at::CUDAGeneratorImpl*>(at::TensorBase const&, double, double, at::CUDAGeneratorImpl*)::{lambda()#1}::operator()() const::{lambda()#3}::operator()() const::{lambda(float)#1}>(at::TensorIteratorBase&, at::CUDAGeneratorImpl*, at::native::templates::cuda::normal_and_transform<c10::Half, float, at::CUDAGeneratorImpl*, at::native::templates::cuda::normal_kernel<at::CUDAGeneratorImpl*>(at::TensorBase const&, double, double, at::CUDAGeneratorImpl*)::{lambda()#1}::operator()() const::{lambda()#3}::operator()() const::{lambda(float)#1}>(at::TensorIteratorBase&, at::CUDAGeneratorImpl*, at::native::templates::cuda::normal_kernel<at::CUDAGeneratorImpl*>(at::TensorBase const&, double, double, at::CUDAGeneratorImpl*)::{lambda()#1}::operator()() const::{lambda()#3}::operator()() const::{lambda(float)#1})::{lambda(hiprandStatePhilox4_32_10*)#2} const&, at::native::templates::cuda::normal_kernel<at::CUDAGeneratorImpl*>(at::TensorBase const&, double, double, at::CUDAGeneratorImpl*)::{lambda()#1}::operator()() const::{lambda()#3}::operator()() const::{lambda(float)#1})::{lambda(int, float)#1})",16,283409694399224,283409694404756,0,0,256,1,1,524288,1,1
"KERNEL_DISPATCH",7,3,348678,17,24,"void at::native::(anonymous namespace)::distribution_elementwise_grid_stride_kernel<float, 4, at::native::templates::cuda::normal_and_transform<c10::Half, float, at::CUDAGeneratorImpl*, at::native::templates::cuda::normal_kernel<at::CUDAGeneratorImpl*>(at::TensorBase const&, double, double, at::CUDAGeneratorImpl*)::{lambda()#1}::operator()() const::{lambda()#3}::operator()() const::{lambda(float)#1}>(at::TensorIteratorBase&, at::CUDAGeneratorImpl*, at::native::templates::cuda::normal_kernel<at::CUDAGeneratorImpl*>(at::TensorBase const&, double, double, at::CUDAGeneratorImpl*)::{lambda()#1}::operator()() const::{lambda()#3}::operator()() const::{lambda(float)#1})::{lambda(hiprandStatePhilox4_32_10*)#2}, at::native::(anonymous namespace)::distribution_nullary_kernel<c10::Half, float, HIP_vector_type<float, 4u>, at::CUDAGeneratorImpl*, at::native::templates::cuda::normal_and_transform<c10::Half, float, at::CUDAGeneratorImpl*, at::native::templates::cuda::normal_kernel<at::CUDAGeneratorImpl*>(at::TensorBase const&, double, double, at::CUDAGeneratorImpl*)::{lambda()#1}::operator()() const::{lambda()#3}::operator()() const::{lambda(float)#1}>(at::TensorIteratorBase&, at::CUDAGeneratorImpl*, at::native::templates::cuda::normal_kernel<at::CUDAGeneratorImpl*>(at::TensorBase const&, double, double, at::CUDAGeneratorImpl*)::{lambda()#1}::operator()() const::{lambda()#3}::operator()() const::{lambda(float)#1})::{lambda(hiprandStatePhilox4_32_10*)#2}, at::native::templates::cuda::normal_kernel<at::CUDAGeneratorImpl*>(at::TensorBase const&, double, double, at::CUDAGeneratorImpl*)::{lambda()#1}::operator()() const::{lambda()#3}::operator()() const::{lambda(float)#1}>(at::TensorIteratorBase&, at::CUDAGeneratorImpl*, at::native::templates::cuda::normal_and_transform<c10::Half, float, at::CUDAGeneratorImpl*, at::native::templates::cuda::normal_kernel<at::CUDAGeneratorImpl*>(at::TensorBase const&, double, double, at::CUDAGeneratorImpl*)::{lambda()#1}::operator()() const::{lambda()#3}::operator()() const::{lambda(float)#1}>(at::TensorIteratorBase&, at::CUDAGeneratorImpl*, at::native::templates::cuda::normal_kernel<at::CUDAGeneratorImpl*>(at::TensorBase const&, double, double, at::CUDAGeneratorImpl*)::{lambda()#1}::operator()() const::{lambda()#3}::operator()() const::{lambda(float)#1})::{lambda(hiprandStatePhilox4_32_10*)#2} const&, at::native::templates::cuda::normal_kernel<at::CUDAGeneratorImpl*>(at::TensorBase const&, double, double, at::CUDAGeneratorImpl*)::{lambda()#1}::operator()() const::{lambda()#3}::operator()() const::{lambda(float)#1})::{lambda(int, float)#1}>(long, at::PhiloxCudaState, at::native::templates::cuda::normal_and_transform<c10::Half, float, at::CUDAGeneratorImpl*, at::native::templates::cuda::normal_kernel<at::CUDAGeneratorImpl*>(at::TensorBase const&, double, double, at::CUDAGeneratorImpl*)::{lambda()#1}::operator()() const::{lambda()#3}::operator()() const::{lambda(float)#1}>(at::TensorIteratorBase&, at::CUDAGeneratorImpl*, at::native::templates::cuda::normal_kernel<at::CUDAGeneratorImpl*>(at::TensorBase const&, double, double, at::CUDAGeneratorImpl*)::{lambda()#1}::operator()() const::{lambda()#3}::operator()() const::{lambda(float)#1})::{lambda(hiprandStatePhilox4_32_10*)#2}, at::native::(anonymous namespace)::distribution_nullary_kernel<c10::Half, float, HIP_vector_type<float, 4u>, at::CUDAGeneratorImpl*, at::native::templates::cuda::normal_and_transform<c10::Half, float, at::CUDAGeneratorImpl*, at::native::templates::cuda::normal_kernel<at::CUDAGeneratorImpl*>(at::TensorBase const&, double, double, at::CUDAGeneratorImpl*)::{lambda()#1}::operator()() const::{lambda()#3}::operator()() const::{lambda(float)#1}>(at::TensorIteratorBase&, at::CUDAGeneratorImpl*, at::native::templates::cuda::normal_kernel<at::CUDAGeneratorImpl*>(at::TensorBase const&, double, double, at::CUDAGeneratorImpl*)::{lambda()#1}::operator()() const::{lambda()#3}::operator()() const::{lambda(float)#1})::{lambda(hiprandStatePhilox4_32_10*)#2}, at::native::templates::cuda::normal_kernel<at::CUDAGeneratorImpl*>(at::TensorBase const&, double, double, at::CUDAGeneratorImpl*)::{lambda()#1}::operator()() const::{lambda()#3}::operator()() const::{lambda(float)#1}>(at::TensorIteratorBase&, at::CUDAGeneratorImpl*, at::native::templates::cuda::normal_and_transform<c10::Half, float, at::CUDAGeneratorImpl*, at::native::templates::cuda::normal_kernel<at::CUDAGeneratorImpl*>(at::TensorBase const&, double, double, at::CUDAGeneratorImpl*)::{lambda()#1}::operator()() const::{lambda()#3}::operator()() const::{lambda(float)#1}>(at::TensorIteratorBase&, at::CUDAGeneratorImpl*, at::native::templates::cuda::normal_kernel<at::CUDAGeneratorImpl*>(at::TensorBase const&, double, double, at::CUDAGeneratorImpl*)::{lambda()#1}::operator()() const::{lambda()#3}::operator()() const::{lambda(float)#1})::{lambda(hiprandStatePhilox4_32_10*)#2} const&, at::native::templates::cuda::normal_kernel<at::CUDAGeneratorImpl*>(at::TensorBase const&, double, double, at::CUDAGeneratorImpl*)::{lambda()#1}::operator()() const::{lambda()#3}::operator()() const::{lambda(float)#1})::{lambda(int, float)#1})",17,283409694404756,283409694443645,0,0,256,1,1,622592,1,1
"KERNEL_DISPATCH",7,3,348678,18,24,"void at::native::(anonymous namespace)::distribution_elementwise_grid_stride_kernel<float, 4, at::native::templates::cuda::normal_and_transform<c10::Half, float, at::CUDAGeneratorImpl*, at::native::templates::cuda::normal_kernel<at::CUDAGeneratorImpl*>(at::TensorBase const&, double, double, at::CUDAGeneratorImpl*)::{lambda()#1}::operator()() const::{lambda()#3}::operator()() const::{lambda(float)#1}>(at::TensorIteratorBase&, at::CUDAGeneratorImpl*, at::native::templates::cuda::normal_kernel<at::CUDAGeneratorImpl*>(at::TensorBase const&, double, double, at::CUDAGeneratorImpl*)::{lambda()#1}::operator()() const::{lambda()#3}::operator()() const::{lambda(float)#1})::{lambda(hiprandStatePhilox4_32_10*)#2}, at::native::(anonymous namespace)::distribution_nullary_kernel<c10::Half, float, HIP_vector_type<float, 4u>, at::CUDAGeneratorImpl*, at::native::templates::cuda::normal_and_transform<c10::Half, float, at::CUDAGeneratorImpl*, at::native::templates::cuda::normal_kernel<at::CUDAGeneratorImpl*>(at::TensorBase const&, double, double, at::CUDAGeneratorImpl*)::{lambda()#1}::operator()() const::{lambda()#3}::operator()() const::{lambda(float)#1}>(at::TensorIteratorBase&, at::CUDAGeneratorImpl*, at::native::templates::cuda::normal_kernel<at::CUDAGeneratorImpl*>(at::TensorBase const&, double, double, at::CUDAGeneratorImpl*)::{lambda()#1}::operator()() const::{lambda()#3}::operator()() const::{lambda(float)#1})::{lambda(hiprandStatePhilox4_32_10*)#2}, at::native::templates::cuda::normal_kernel<at::CUDAGeneratorImpl*>(at::TensorBase const&, double, double, at::CUDAGeneratorImpl*)::{lambda()#1}::operator()() const::{lambda()#3}::operator()() const::{lambda(float)#1}>(at::TensorIteratorBase&, at::CUDAGeneratorImpl*, at::native::templates::cuda::normal_and_transform<c10::Half, float, at::CUDAGeneratorImpl*, at::native::templates::cuda::normal_kernel<at::CUDAGeneratorImpl*>(at::TensorBase const&, double, double, at::CUDAGeneratorImpl*)::{lambda()#1}::operator()() const::{lambda()#3}::operator()() const::{lambda(float)#1}>(at::TensorIteratorBase&, at::CUDAGeneratorImpl*, at::native::templates::cuda::normal_kernel<at::CUDAGeneratorImpl*>(at::TensorBase const&, double, double, at::CUDAGeneratorImpl*)::{lambda()#1}::operator()() const::{lambda()#3}::operator()() const::{lambda(float)#1})::{lambda(hiprandStatePhilox4_32_10*)#2} const&, at::native::templates::cuda::normal_kernel<at::CUDAGeneratorImpl*>(at::TensorBase const&, double, double, at::CUDAGeneratorImpl*)::{lambda()#1}::operator()() const::{lambda()#3}::operator()() const::{lambda(float)#1})::{lambda(int, float)#1}>(long, at::PhiloxCudaState, at::native::templates::cuda::normal_and_transform<c10::Half, float, at::CUDAGeneratorImpl*, at::native::templates::cuda::normal_kernel<at::CUDAGeneratorImpl*>(at::TensorBase const&, double, double, at::CUDAGeneratorImpl*)::{lambda()#1}::operator()() const::{lambda()#3}::operator()() const::{lambda(float)#1}>(at::TensorIteratorBase&, at::CUDAGeneratorImpl*, at::native::templates::cuda::normal_kernel<at::CUDAGeneratorImpl*>(at::TensorBase const&, double, double, at::CUDAGeneratorImpl*)::{lambda()#1}::operator()() const::{lambda()#3}::operator()() const::{lambda(float)#1})::{lambda(hiprandStatePhilox4_32_10*)#2}, at::native::(anonymous namespace)::distribution_nullary_kernel<c10::Half, float, HIP_vector_type<float, 4u>, at::CUDAGeneratorImpl*, at::native::templates::cuda::normal_and_transform<c10::Half, float, at::CUDAGeneratorImpl*, at::native::templates::cuda::normal_kernel<at::CUDAGeneratorImpl*>(at::TensorBase const&, double, double, at::CUDAGeneratorImpl*)::{lambda()#1}::operator()() const::{lambda()#3}::operator()() const::{lambda(float)#1}>(at::TensorIteratorBase&, at::CUDAGeneratorImpl*, at::native::templates::cuda::normal_kernel<at::CUDAGeneratorImpl*>(at::TensorBase const&, double, double, at::CUDAGeneratorImpl*)::{lambda()#1}::operator()() const::{lambda()#3}::operator()() const::{lambda(float)#1})::{lambda(hiprandStatePhilox4_32_10*)#2}, at::native::templates::cuda::normal_kernel<at::CUDAGeneratorImpl*>(at::TensorBase const&, double, double, at::CUDAGeneratorImpl*)::{lambda()#1}::operator()() const::{lambda()#3}::operator()() const::{lambda(float)#1}>(at::TensorIteratorBase&, at::CUDAGeneratorImpl*, at::native::templates::cuda::normal_and_transform<c10::Half, float, at::CUDAGeneratorImpl*, at::native::templates::cuda::normal_kernel<at::CUDAGeneratorImpl*>(at::TensorBase const&, double, double, at::CUDAGeneratorImpl*)::{lambda()#1}::operator()() const::{lambda()#3}::operator()() const::{lambda(float)#1}>(at::TensorIteratorBase&, at::CUDAGeneratorImpl*, at::native::templates::cuda::normal_kernel<at::CUDAGeneratorImpl*>(at::TensorBase const&, double, double, at::CUDAGeneratorImpl*)::{lambda()#1}::operator()() const::{lambda()#3}::operator()() const::{lambda(float)#1})::{lambda(hiprandStatePhilox4_32_10*)#2} const&, at::native::templates::cuda::normal_kernel<at::CUDAGeneratorImpl*>(at::TensorBase const&, double, double, at::CUDAGeneratorImpl*)::{lambda()#1}::operator()() const::{lambda()#3}::operator()() const::{lambda(float)#1})::{lambda(int, float)#1})",18,283409694443645,283409694482735,0,0,256,1,1,622592,1,1
"KERNEL_DISPATCH",7,3,348678,19,24,"void at::native::(anonymous namespace)::distribution_elementwise_grid_stride_kernel<float, 4, at::native::templates::cuda::normal_and_transform<c10::Half, float, at::CUDAGeneratorImpl*, at::native::templates::cuda::normal_kernel<at::CUDAGeneratorImpl*>(at::TensorBase const&, double, double, at::CUDAGeneratorImpl*)::{lambda()#1}::operator()() const::{lambda()#3}::operator()() const::{lambda(float)#1}>(at::TensorIteratorBase&, at::CUDAGeneratorImpl*, at::native::templates::cuda::normal_kernel<at::CUDAGeneratorImpl*>(at::TensorBase const&, double, double, at::CUDAGeneratorImpl*)::{lambda()#1}::operator()() const::{lambda()#3}::operator()() const::{lambda(float)#1})::{lambda(hiprandStatePhilox4_32_10*)#2}, at::native::(anonymous namespace)::distribution_nullary_kernel<c10::Half, float, HIP_vector_type<float, 4u>, at::CUDAGeneratorImpl*, at::native::templates::cuda::normal_and_transform<c10::Half, float, at::CUDAGeneratorImpl*, at::native::templates::cuda::normal_kernel<at::CUDAGeneratorImpl*>(at::TensorBase const&, double, double, at::CUDAGeneratorImpl*)::{lambda()#1}::operator()() const::{lambda()#3}::operator()() const::{lambda(float)#1}>(at::TensorIteratorBase&, at::CUDAGeneratorImpl*, at::native::templates::cuda::normal_kernel<at::CUDAGeneratorImpl*>(at::TensorBase const&, double, double, at::CUDAGeneratorImpl*)::{lambda()#1}::operator()() const::{lambda()#3}::operator()() const::{lambda(float)#1})::{lambda(hiprandStatePhilox4_32_10*)#2}, at::native::templates::cuda::normal_kernel<at::CUDAGeneratorImpl*>(at::TensorBase const&, double, double, at::CUDAGeneratorImpl*)::{lambda()#1}::operator()() const::{lambda()#3}::operator()() const::{lambda(float)#1}>(at::TensorIteratorBase&, at::CUDAGeneratorImpl*, at::native::templates::cuda::normal_and_transform<c10::Half, float, at::CUDAGeneratorImpl*, at::native::templates::cuda::normal_kernel<at::CUDAGeneratorImpl*>(at::TensorBase const&, double, double, at::CUDAGeneratorImpl*)::{lambda()#1}::operator()() const::{lambda()#3}::operator()() const::{lambda(float)#1}>(at::TensorIteratorBase&, at::CUDAGeneratorImpl*, at::native::templates::cuda::normal_kernel<at::CUDAGeneratorImpl*>(at::TensorBase const&, double, double, at::CUDAGeneratorImpl*)::{lambda()#1}::operator()() const::{lambda()#3}::operator()() const::{lambda(float)#1})::{lambda(hiprandStatePhilox4_32_10*)#2} const&, at::native::templates::cuda::normal_kernel<at::CUDAGeneratorImpl*>(at::TensorBase const&, double, double, at::CUDAGeneratorImpl*)::{lambda()#1}::operator()() const::{lambda()#3}::operator()() const::{lambda(float)#1})::{lambda(int, float)#1}>(long, at::PhiloxCudaState, at::native::templates::cuda::normal_and_transform<c10::Half, float, at::CUDAGeneratorImpl*, at::native::templates::cuda::normal_kernel<at::CUDAGeneratorImpl*>(at::TensorBase const&, double, double, at::CUDAGeneratorImpl*)::{lambda()#1}::operator()() const::{lambda()#3}::operator()() const::{lambda(float)#1}>(at::TensorIteratorBase&, at::CUDAGeneratorImpl*, at::native::templates::cuda::normal_kernel<at::CUDAGeneratorImpl*>(at::TensorBase const&, double, double, at::CUDAGeneratorImpl*)::{lambda()#1}::operator()() const::{lambda()#3}::operator()() const::{lambda(float)#1})::{lambda(hiprandStatePhilox4_32_10*)#2}, at::native::(anonymous namespace)::distribution_nullary_kernel<c10::Half, float, HIP_vector_type<float, 4u>, at::CUDAGeneratorImpl*, at::native::templates::cuda::normal_and_transform<c10::Half, float, at::CUDAGeneratorImpl*, at::native::templates::cuda::normal_kernel<at::CUDAGeneratorImpl*>(at::TensorBase const&, double, double, at::CUDAGeneratorImpl*)::{lambda()#1}::operator()() const::{lambda()#3}::operator()() const::{lambda(float)#1}>(at::TensorIteratorBase&, at::CUDAGeneratorImpl*, at::native::templates::cuda::normal_kernel<at::CUDAGeneratorImpl*>(at::TensorBase const&, double, double, at::CUDAGeneratorImpl*)::{lambda()#1}::operator()() const::{lambda()#3}::operator()() const::{lambda(float)#1})::{lambda(hiprandStatePhilox4_32_10*)#2}, at::native::templates::cuda::normal_kernel<at::CUDAGeneratorImpl*>(at::TensorBase const&, double, double, at::CUDAGeneratorImpl*)::{lambda()#1}::operator()() const::{lambda()#3}::operator()() const::{lambda(float)#1}>(at::TensorIteratorBase&, at::CUDAGeneratorImpl*, at::native::templates::cuda::normal_and_transform<c10::Half, float, at::CUDAGeneratorImpl*, at::native::templates::cuda::normal_kernel<at::CUDAGeneratorImpl*>(at::TensorBase const&, double, double, at::CUDAGeneratorImpl*)::{lambda()#1}::operator()() const::{lambda()#3}::operator()() const::{lambda(float)#1}>(at::TensorIteratorBase&, at::CUDAGeneratorImpl*, at::native::templates::cuda::normal_kernel<at::CUDAGeneratorImpl*>(at::TensorBase const&, double, double, at::CUDAGeneratorImpl*)::{lambda()#1}::operator()() const::{lambda()#3}::operator()() const::{lambda(float)#1})::{lambda(hiprandStatePhilox4_32_10*)#2} const&, at::native::templates::cuda::normal_kernel<at::CUDAGeneratorImpl*>(at::TensorBase const&, double, double, at::CUDAGeneratorImpl*)::{lambda()#1}::operator()() const::{lambda()#3}::operator()() const::{lambda(float)#1})::{lambda(int, float)#1})",19,283409694482735,283409694522345,0,0,256,1,1,622592,1,1
"KERNEL_DISPATCH",7,3,348678,20,24,"void at::native::(anonymous namespace)::distribution_elementwise_grid_stride_kernel<float, 4, at::native::templates::cuda::normal_and_transform<c10::Half, float, at::CUDAGeneratorImpl*, at::native::templates::cuda::normal_kernel<at::CUDAGeneratorImpl*>(at::TensorBase const&, double, double, at::CUDAGeneratorImpl*)::{lambda()#1}::operator()() const::{lambda()#3}::operator()() const::{lambda(float)#1}>(at::TensorIteratorBase&, at::CUDAGeneratorImpl*, at::native::templates::cuda::normal_kernel<at::CUDAGeneratorImpl*>(at::TensorBase const&, double, double, at::CUDAGeneratorImpl*)::{lambda()#1}::operator()() const::{lambda()#3}::operator()() const::{lambda(float)#1})::{lambda(hiprandStatePhilox4_32_10*)#2}, at::native::(anonymous namespace)::distribution_nullary_kernel<c10::Half, float, HIP_vector_type<float, 4u>, at::CUDAGeneratorImpl*, at::native::templates::cuda::normal_and_transform<c10::Half, float, at::CUDAGeneratorImpl*, at::native::templates::cuda::normal_kernel<at::CUDAGeneratorImpl*>(at::TensorBase const&, double, double, at::CUDAGeneratorImpl*)::{lambda()#1}::operator()() const::{lambda()#3}::operator()() const::{lambda(float)#1}>(at::TensorIteratorBase&, at::CUDAGeneratorImpl*, at::native::templates::cuda::normal_kernel<at::CUDAGeneratorImpl*>(at::TensorBase const&, double, double, at::CUDAGeneratorImpl*)::{lambda()#1}::operator()() const::{lambda()#3}::operator()() const::{lambda(float)#1})::{lambda(hiprandStatePhilox4_32_10*)#2}, at::native::templates::cuda::normal_kernel<at::CUDAGeneratorImpl*>(at::TensorBase const&, double, double, at::CUDAGeneratorImpl*)::{lambda()#1}::operator()() const::{lambda()#3}::operator()() const::{lambda(float)#1}>(at::TensorIteratorBase&, at::CUDAGeneratorImpl*, at::native::templates::cuda::normal_and_transform<c10::Half, float, at::CUDAGeneratorImpl*, at::native::templates::cuda::normal_kernel<at::CUDAGeneratorImpl*>(at::TensorBase const&, double, double, at::CUDAGeneratorImpl*)::{lambda()#1}::operator()() const::{lambda()#3}::operator()() const::{lambda(float)#1}>(at::TensorIteratorBase&, at::CUDAGeneratorImpl*, at::native::templates::cuda::normal_kernel<at::CUDAGeneratorImpl*>(at::TensorBase const&, double, double, at::CUDAGeneratorImpl*)::{lambda()#1}::operator()() const::{lambda()#3}::operator()() const::{lambda(float)#1})::{lambda(hiprandStatePhilox4_32_10*)#2} const&, at::native::templates::cuda::normal_kernel<at::CUDAGeneratorImpl*>(at::TensorBase const&, double, double, at::CUDAGeneratorImpl*)::{lambda()#1}::operator()() const::{lambda()#3}::operator()() const::{lambda(float)#1})::{lambda(int, float)#1}>(long, at::PhiloxCudaState, at::native::templates::cuda::normal_and_transform<c10::Half, float, at::CUDAGeneratorImpl*, at::native::templates::cuda::normal_kernel<at::CUDAGeneratorImpl*>(at::TensorBase const&, double, double, at::CUDAGeneratorImpl*)::{lambda()#1}::operator()() const::{lambda()#3}::operator()() const::{lambda(float)#1}>(at::TensorIteratorBase&, at::CUDAGeneratorImpl*, at::native::templates::cuda::normal_kernel<at::CUDAGeneratorImpl*>(at::TensorBase const&, double, double, at::CUDAGeneratorImpl*)::{lambda()#1}::operator()() const::{lambda()#3}::operator()() const::{lambda(float)#1})::{lambda(hiprandStatePhilox4_32_10*)#2}, at::native::(anonymous namespace)::distribution_nullary_kernel<c10::Half, float, HIP_vector_type<float, 4u>, at::CUDAGeneratorImpl*, at::native::templates::cuda::normal_and_transform<c10::Half, float, at::CUDAGeneratorImpl*, at::native::templates::cuda::normal_kernel<at::CUDAGeneratorImpl*>(at::TensorBase const&, double, double, at::CUDAGeneratorImpl*)::{lambda()#1}::operator()() const::{lambda()#3}::operator()() const::{lambda(float)#1}>(at::TensorIteratorBase&, at::CUDAGeneratorImpl*, at::native::templates::cuda::normal_kernel<at::CUDAGeneratorImpl*>(at::TensorBase const&, double, double, at::CUDAGeneratorImpl*)::{lambda()#1}::operator()() const::{lambda()#3}::operator()() const::{lambda(float)#1})::{lambda(hiprandStatePhilox4_32_10*)#2}, at::native::templates::cuda::normal_kernel<at::CUDAGeneratorImpl*>(at::TensorBase const&, double, double, at::CUDAGeneratorImpl*)::{lambda()#1}::operator()() const::{lambda()#3}::operator()() const::{lambda(float)#1}>(at::TensorIteratorBase&, at::CUDAGeneratorImpl*, at::native::templates::cuda::normal_and_transform<c10::Half, float, at::CUDAGeneratorImpl*, at::native::templates::cuda::normal_kernel<at::CUDAGeneratorImpl*>(at::TensorBase const&, double, double, at::CUDAGeneratorImpl*)::{lambda()#1}::operator()() const::{lambda()#3}::operator()() const::{lambda(float)#1}>(at::TensorIteratorBase&, at::CUDAGeneratorImpl*, at::native::templates::cuda::normal_kernel<at::CUDAGeneratorImpl*>(at::TensorBase const&, double, double, at::CUDAGeneratorImpl*)::{lambda()#1}::operator()() const::{lambda()#3}::operator()() const::{lambda(float)#1})::{lambda(hiprandStatePhilox4_32_10*)#2} const&, at::native::templates::cuda::normal_kernel<at::CUDAGeneratorImpl*>(at::TensorBase const&, double, double, at::CUDAGeneratorImpl*)::{lambda()#1}::operator()() const::{lambda()#3}::operator()() const::{lambda(float)#1})::{lambda(int, float)#1})",20,283409694522345,283409694527357,0,0,256,1,1,262144,1,1
"KERNEL_DISPATCH",7,3,348678,21,24,"void at::native::(anonymous namespace)::distribution_elementwise_grid_stride_kernel<float, 4, at::native::templates::cuda::normal_and_transform<c10::Half, float, at::CUDAGeneratorImpl*, at::native::templates::cuda::normal_kernel<at::CUDAGeneratorImpl*>(at::TensorBase const&, double, double, at::CUDAGeneratorImpl*)::{lambda()#1}::operator()() const::{lambda()#3}::operator()() const::{lambda(float)#1}>(at::TensorIteratorBase&, at::CUDAGeneratorImpl*, at::native::templates::cuda::normal_kernel<at::CUDAGeneratorImpl*>(at::TensorBase const&, double, double, at::CUDAGeneratorImpl*)::{lambda()#1}::operator()() const::{lambda()#3}::operator()() const::{lambda(float)#1})::{lambda(hiprandStatePhilox4_32_10*)#2}, at::native::(anonymous namespace)::distribution_nullary_kernel<c10::Half, float, HIP_vector_type<float, 4u>, at::CUDAGeneratorImpl*, at::native::templates::cuda::normal_and_transform<c10::Half, float, at::CUDAGeneratorImpl*, at::native::templates::cuda::normal_kernel<at::CUDAGeneratorImpl*>(at::TensorBase const&, double, double, at::CUDAGeneratorImpl*)::{lambda()#1}::operator()() const::{lambda()#3}::operator()() const::{lambda(float)#1}>(at::TensorIteratorBase&, at::CUDAGeneratorImpl*, at::native::templates::cuda::normal_kernel<at::CUDAGeneratorImpl*>(at::TensorBase const&, double, double, at::CUDAGeneratorImpl*)::{lambda()#1}::operator()() const::{lambda()#3}::operator()() const::{lambda(float)#1})::{lambda(hiprandStatePhilox4_32_10*)#2}, at::native::templates::cuda::normal_kernel<at::CUDAGeneratorImpl*>(at::TensorBase const&, double, double, at::CUDAGeneratorImpl*)::{lambda()#1}::operator()() const::{lambda()#3}::operator()() const::{lambda(float)#1}>(at::TensorIteratorBase&, at::CUDAGeneratorImpl*, at::native::templates::cuda::normal_and_transform<c10::Half, float, at::CUDAGeneratorImpl*, at::native::templates::cuda::normal_kernel<at::CUDAGeneratorImpl*>(at::TensorBase const&, double, double, at::CUDAGeneratorImpl*)::{lambda()#1}::operator()() const::{lambda()#3}::operator()() const::{lambda(float)#1}>(at::TensorIteratorBase&, at::CUDAGeneratorImpl*, at::native::templates::cuda::normal_kernel<at::CUDAGeneratorImpl*>(at::TensorBase const&, double, double, at::CUDAGeneratorImpl*)::{lambda()#1}::operator()() const::{lambda()#3}::operator()() const::{lambda(float)#1})::{lambda(hiprandStatePhilox4_32_10*)#2} const&, at::native::templates::cuda::normal_kernel<at::CUDAGeneratorImpl*>(at::TensorBase const&, double, double, at::CUDAGeneratorImpl*)::{lambda()#1}::operator()() const::{lambda()#3}::operator()() const::{lambda(float)#1})::{lambda(int, float)#1}>(long, at::PhiloxCudaState, at::native::templates::cuda::normal_and_transform<c10::Half, float, at::CUDAGeneratorImpl*, at::native::templates::cuda::normal_kernel<at::CUDAGeneratorImpl*>(at::TensorBase const&, double, double, at::CUDAGeneratorImpl*)::{lambda()#1}::operator()() const::{lambda()#3}::operator()() const::{lambda(float)#1}>(at::TensorIteratorBase&, at::CUDAGeneratorImpl*, at::native::templates::cuda::normal_kernel<at::CUDAGeneratorImpl*>(at::TensorBase const&, double, double, at::CUDAGeneratorImpl*)::{lambda()#1}::operator()() const::{lambda()#3}::operator()() const::{lambda(float)#1})::{lambda(hiprandStatePhilox4_32_10*)#2}, at::native::(anonymous namespace)::distribution_nullary_kernel<c10::Half, float, HIP_vector_type<float, 4u>, at::CUDAGeneratorImpl*, at::native::templates::cuda::normal_and_transform<c10::Half, float, at::CUDAGeneratorImpl*, at::native::templates::cuda::normal_kernel<at::CUDAGeneratorImpl*>(at::TensorBase const&, double, double, at::CUDAGeneratorImpl*)::{lambda()#1}::operator()() const::{lambda()#3}::operator()() const::{lambda(float)#1}>(at::TensorIteratorBase&, at::CUDAGeneratorImpl*, at::native::templates::cuda::normal_kernel<at::CUDAGeneratorImpl*>(at::TensorBase const&, double, double, at::CUDAGeneratorImpl*)::{lambda()#1}::operator()() const::{lambda()#3}::operator()() const::{lambda(float)#1})::{lambda(hiprandStatePhilox4_32_10*)#2}, at::native::templates::cuda::normal_kernel<at::CUDAGeneratorImpl*>(at::TensorBase const&, double, double, at::CUDAGeneratorImpl*)::{lambda()#1}::operator()() const::{lambda()#3}::operator()() const::{lambda(float)#1}>(at::TensorIteratorBase&, at::CUDAGeneratorImpl*, at::native::templates::cuda::normal_and_transform<c10::Half, float, at::CUDAGeneratorImpl*, at::native::templates::cuda::normal_kernel<at::CUDAGeneratorImpl*>(at::TensorBase const&, double, double, at::CUDAGeneratorImpl*)::{lambda()#1}::operator()() const::{lambda()#3}::operator()() const::{lambda(float)#1}>(at::TensorIteratorBase&, at::CUDAGeneratorImpl*, at::native::templates::cuda::normal_kernel<at::CUDAGeneratorImpl*>(at::TensorBase const&, double, double, at::CUDAGeneratorImpl*)::{lambda()#1}::operator()() const::{lambda()#3}::operator()() const::{lambda(float)#1})::{lambda(hiprandStatePhilox4_32_10*)#2} const&, at::native::templates::cuda::normal_kernel<at::CUDAGeneratorImpl*>(at::TensorBase const&, double, double, at::CUDAGeneratorImpl*)::{lambda()#1}::operator()() const::{lambda()#3}::operator()() const::{lambda(float)#1})::{lambda(int, float)#1})",21,283409694527357,283409694532368,0,0,256,1,1,262144,1,1
"KERNEL_DISPATCH",7,3,348678,22,24,"void at::native::(anonymous namespace)::distribution_elementwise_grid_stride_kernel<float, 4, at::native::templates::cuda::normal_and_transform<c10::Half, float, at::CUDAGeneratorImpl*, at::native::templates::cuda::normal_kernel<at::CUDAGeneratorImpl*>(at::TensorBase const&, double, double, at::CUDAGeneratorImpl*)::{lambda()#1}::operator()() const::{lambda()#3}::operator()() const::{lambda(float)#1}>(at::TensorIteratorBase&, at::CUDAGeneratorImpl*, at::native::templates::cuda::normal_kernel<at::CUDAGeneratorImpl*>(at::TensorBase const&, double, double, at::CUDAGeneratorImpl*)::{lambda()#1}::operator()() const::{lambda()#3}::operator()() const::{lambda(float)#1})::{lambda(hiprandStatePhilox4_32_10*)#2}, at::native::(anonymous namespace)::distribution_nullary_kernel<c10::Half, float, HIP_vector_type<float, 4u>, at::CUDAGeneratorImpl*, at::native::templates::cuda::normal_and_transform<c10::Half, float, at::CUDAGeneratorImpl*, at::native::templates::cuda::normal_kernel<at::CUDAGeneratorImpl*>(at::TensorBase const&, double, double, at::CUDAGeneratorImpl*)::{lambda()#1}::operator()() const::{lambda()#3}::operator()() const::{lambda(float)#1}>(at::TensorIteratorBase&, at::CUDAGeneratorImpl*, at::native::templates::cuda::normal_kernel<at::CUDAGeneratorImpl*>(at::TensorBase const&, double, double, at::CUDAGeneratorImpl*)::{lambda()#1}::operator()() const::{lambda()#3}::operator()() const::{lambda(float)#1})::{lambda(hiprandStatePhilox4_32_10*)#2}, at::native::templates::cuda::normal_kernel<at::CUDAGeneratorImpl*>(at::TensorBase const&, double, double, at::CUDAGeneratorImpl*)::{lambda()#1}::operator()() const::{lambda()#3}::operator()() const::{lambda(float)#1}>(at::TensorIteratorBase&, at::CUDAGeneratorImpl*, at::native::templates::cuda::normal_and_transform<c10::Half, float, at::CUDAGeneratorImpl*, at::native::templates::cuda::normal_kernel<at::CUDAGeneratorImpl*>(at::TensorBase const&, double, double, at::CUDAGeneratorImpl*)::{lambda()#1}::operator()() const::{lambda()#3}::operator()() const::{lambda(float)#1}>(at::TensorIteratorBase&, at::CUDAGeneratorImpl*, at::native::templates::cuda::normal_kernel<at::CUDAGeneratorImpl*>(at::TensorBase const&, double, double, at::CUDAGeneratorImpl*)::{lambda()#1}::operator()() const::{lambda()#3}::operator()() const::{lambda(float)#1})::{lambda(hiprandStatePhilox4_32_10*)#2} const&, at::native::templates::cuda::normal_kernel<at::CUDAGeneratorImpl*>(at::TensorBase const&, double, double, at::CUDAGeneratorImpl*)::{lambda()#1}::operator()() const::{lambda()#3}::operator()() const::{lambda(float)#1})::{lambda(int, float)#1}>(long, at::PhiloxCudaState, at::native::templates::cuda::normal_and_transform<c10::Half, float, at::CUDAGeneratorImpl*, at::native::templates::cuda::normal_kernel<at::CUDAGeneratorImpl*>(at::TensorBase const&, double, double, at::CUDAGeneratorImpl*)::{lambda()#1}::operator()() const::{lambda()#3}::operator()() const::{lambda(float)#1}>(at::TensorIteratorBase&, at::CUDAGeneratorImpl*, at::native::templates::cuda::normal_kernel<at::CUDAGeneratorImpl*>(at::TensorBase const&, double, double, at::CUDAGeneratorImpl*)::{lambda()#1}::operator()() const::{lambda()#3}::operator()() const::{lambda(float)#1})::{lambda(hiprandStatePhilox4_32_10*)#2}, at::native::(anonymous namespace)::distribution_nullary_kernel<c10::Half, float, HIP_vector_type<float, 4u>, at::CUDAGeneratorImpl*, at::native::templates::cuda::normal_and_transform<c10::Half, float, at::CUDAGeneratorImpl*, at::native::templates::cuda::normal_kernel<at::CUDAGeneratorImpl*>(at::TensorBase const&, double, double, at::CUDAGeneratorImpl*)::{lambda()#1}::operator()() const::{lambda()#3}::operator()() const::{lambda(float)#1}>(at::TensorIteratorBase&, at::CUDAGeneratorImpl*, at::native::templates::cuda::normal_kernel<at::CUDAGeneratorImpl*>(at::TensorBase const&, double, double, at::CUDAGeneratorImpl*)::{lambda()#1}::operator()() const::{lambda()#3}::operator()() const::{lambda(float)#1})::{lambda(hiprandStatePhilox4_32_10*)#2}, at::native::templates::cuda::normal_kernel<at::CUDAGeneratorImpl*>(at::TensorBase const&, double, double, at::CUDAGeneratorImpl*)::{lambda()#1}::operator()() const::{lambda()#3}::operator()() const::{lambda(float)#1}>(at::TensorIteratorBase&, at::CUDAGeneratorImpl*, at::native::templates::cuda::normal_and_transform<c10::Half, float, at::CUDAGeneratorImpl*, at::native::templates::cuda::normal_kernel<at::CUDAGeneratorImpl*>(at::TensorBase const&, double, double, at::CUDAGeneratorImpl*)::{lambda()#1}::operator()() const::{lambda()#3}::operator()() const::{lambda(float)#1}>(at::TensorIteratorBase&, at::CUDAGeneratorImpl*, at::native::templates::cuda::normal_kernel<at::CUDAGeneratorImpl*>(at::TensorBase const&, double, double, at::CUDAGeneratorImpl*)::{lambda()#1}::operator()() const::{lambda()#3}::operator()() const::{lambda(float)#1})::{lambda(hiprandStatePhilox4_32_10*)#2} const&, at::native::templates::cuda::normal_kernel<at::CUDAGeneratorImpl*>(at::TensorBase const&, double, double, at::CUDAGeneratorImpl*)::{lambda()#1}::operator()() const::{lambda()#3}::operator()() const::{lambda(float)#1})::{lambda(int, float)#1})",22,283409694532368,283409694537821,0,0,256,1,1,524288,1,1
"KERNEL_DISPATCH",7,3,348678,23,24,"void at::native::(anonymous namespace)::distribution_elementwise_grid_stride_kernel<float, 4, at::native::templates::cuda::normal_and_transform<c10::Half, float, at::CUDAGeneratorImpl*, at::native::templates::cuda::normal_kernel<at::CUDAGeneratorImpl*>(at::TensorBase const&, double, double, at::CUDAGeneratorImpl*)::{lambda()#1}::operator()() const::{lambda()#3}::operator()() const::{lambda(float)#1}>(at::TensorIteratorBase&, at::CUDAGeneratorImpl*, at::native::templates::cuda::normal_kernel<at::CUDAGeneratorImpl*>(at::TensorBase const&, double, double, at::CUDAGeneratorImpl*)::{lambda()#1}::operator()() const::{lambda()#3}::operator()() const::{lambda(float)#1})::{lambda(hiprandStatePhilox4_32_10*)#2}, at::native::(anonymous namespace)::distribution_nullary_kernel<c10::Half, float, HIP_vector_type<float, 4u>, at::CUDAGeneratorImpl*, at::native::templates::cuda::normal_and_transform<c10::Half, float, at::CUDAGeneratorImpl*, at::native::templates::cuda::normal_kernel<at::CUDAGeneratorImpl*>(at::TensorBase const&, double, double, at::CUDAGeneratorImpl*)::{lambda()#1}::operator()() const::{lambda()#3}::operator()() const::{lambda(float)#1}>(at::TensorIteratorBase&, at::CUDAGeneratorImpl*, at::native::templates::cuda::normal_kernel<at::CUDAGeneratorImpl*>(at::TensorBase const&, double, double, at::CUDAGeneratorImpl*)::{lambda()#1}::operator()() const::{lambda()#3}::operator()() const::{lambda(float)#1})::{lambda(hiprandStatePhilox4_32_10*)#2}, at::native::templates::cuda::normal_kernel<at::CUDAGeneratorImpl*>(at::TensorBase const&, double, double, at::CUDAGeneratorImpl*)::{lambda()#1}::operator()() const::{lambda()#3}::operator()() const::{lambda(float)#1}>(at::TensorIteratorBase&, at::CUDAGeneratorImpl*, at::native::templates::cuda::normal_and_transform<c10::Half, float, at::CUDAGeneratorImpl*, at::native::templates::cuda::normal_kernel<at::CUDAGeneratorImpl*>(at::TensorBase const&, double, double, at::CUDAGeneratorImpl*)::{lambda()#1}::operator()() const::{lambda()#3}::operator()() const::{lambda(float)#1}>(at::TensorIteratorBase&, at::CUDAGeneratorImpl*, at::native::templates::cuda::normal_kernel<at::CUDAGeneratorImpl*>(at::TensorBase const&, double, double, at::CUDAGeneratorImpl*)::{lambda()#1}::operator()() const::{lambda()#3}::operator()() const::{lambda(float)#1})::{lambda(hiprandStatePhilox4_32_10*)#2} const&, at::native::templates::cuda::normal_kernel<at::CUDAGeneratorImpl*>(at::TensorBase const&, double, double, at::CUDAGeneratorImpl*)::{lambda()#1}::operator()() const::{lambda()#3}::operator()() const::{lambda(float)#1})::{lambda(int, float)#1}>(long, at::PhiloxCudaState, at::native::templates::cuda::normal_and_transform<c10::Half, float, at::CUDAGeneratorImpl*, at::native::templates::cuda::normal_kernel<at::CUDAGeneratorImpl*>(at::TensorBase const&, double, double, at::CUDAGeneratorImpl*)::{lambda()#1}::operator()() const::{lambda()#3}::operator()() const::{lambda(float)#1}>(at::TensorIteratorBase&, at::CUDAGeneratorImpl*, at::native::templates::cuda::normal_kernel<at::CUDAGeneratorImpl*>(at::TensorBase const&, double, double, at::CUDAGeneratorImpl*)::{lambda()#1}::operator()() const::{lambda()#3}::operator()() const::{lambda(float)#1})::{lambda(hiprandStatePhilox4_32_10*)#2}, at::native::(anonymous namespace)::distribution_nullary_kernel<c10::Half, float, HIP_vector_type<float, 4u>, at::CUDAGeneratorImpl*, at::native::templates::cuda::normal_and_transform<c10::Half, float, at::CUDAGeneratorImpl*, at::native::templates::cuda::normal_kernel<at::CUDAGeneratorImpl*>(at::TensorBase const&, double, double, at::CUDAGeneratorImpl*)::{lambda()#1}::operator()() const::{lambda()#3}::operator()() const::{lambda(float)#1}>(at::TensorIteratorBase&, at::CUDAGeneratorImpl*, at::native::templates::cuda::normal_kernel<at::CUDAGeneratorImpl*>(at::TensorBase const&, double, double, at::CUDAGeneratorImpl*)::{lambda()#1}::operator()() const::{lambda()#3}::operator()() const::{lambda(float)#1})::{lambda(hiprandStatePhilox4_32_10*)#2}, at::native::templates::cuda::normal_kernel<at::CUDAGeneratorImpl*>(at::TensorBase const&, double, double, at::CUDAGeneratorImpl*)::{lambda()#1}::operator()() const::{lambda()#3}::operator()() const::{lambda(float)#1}>(at::TensorIteratorBase&, at::CUDAGeneratorImpl*, at::native::templates::cuda::normal_and_transform<c10::Half, float, at::CUDAGeneratorImpl*, at::native::templates::cuda::normal_kernel<at::CUDAGeneratorImpl*>(at::TensorBase const&, double, double, at::CUDAGeneratorImpl*)::{lambda()#1}::operator()() const::{lambda()#3}::operator()() const::{lambda(float)#1}>(at::TensorIteratorBase&, at::CUDAGeneratorImpl*, at::native::templates::cuda::normal_kernel<at::CUDAGeneratorImpl*>(at::TensorBase const&, double, double, at::CUDAGeneratorImpl*)::{lambda()#1}::operator()() const::{lambda()#3}::operator()() const::{lambda(float)#1})::{lambda(hiprandStatePhilox4_32_10*)#2} const&, at::native::templates::cuda::normal_kernel<at::CUDAGeneratorImpl*>(at::TensorBase const&, double, double, at::CUDAGeneratorImpl*)::{lambda()#1}::operator()() const::{lambda()#3}::operator()() const::{lambda(float)#1})::{lambda(int, float)#1})",23,283409694537821,283409694577031,0,0,256,1,1,622592,1,1
"KERNEL_DISPATCH",7,3,348678,24,24,"void at::native::(anonymous namespace)::distribution_elementwise_grid_stride_kernel<float, 4, at::native::templates::cuda::normal_and_transform<c10::Half, float, at::CUDAGeneratorImpl*, at::native::templates::cuda::normal_kernel<at::CUDAGeneratorImpl*>(at::TensorBase const&, double, double, at::CUDAGeneratorImpl*)::{lambda()#1}::operator()() const::{lambda()#3}::operator()() const::{lambda(float)#1}>(at::TensorIteratorBase&, at::CUDAGeneratorImpl*, at::native::templates::cuda::normal_kernel<at::CUDAGeneratorImpl*>(at::TensorBase const&, double, double, at::CUDAGeneratorImpl*)::{lambda()#1}::operator()() const::{lambda()#3}::operator()() const::{lambda(float)#1})::{lambda(hiprandStatePhilox4_32_10*)#2}, at::native::(anonymous namespace)::distribution_nullary_kernel<c10::Half, float, HIP_vector_type<float, 4u>, at::CUDAGeneratorImpl*, at::native::templates::cuda::normal_and_transform<c10::Half, float, at::CUDAGeneratorImpl*, at::native::templates::cuda::normal_kernel<at::CUDAGeneratorImpl*>(at::TensorBase const&, double, double, at::CUDAGeneratorImpl*)::{lambda()#1}::operator()() const::{lambda()#3}::operator()() const::{lambda(float)#1}>(at::TensorIteratorBase&, at::CUDAGeneratorImpl*, at::native::templates::cuda::normal_kernel<at::CUDAGeneratorImpl*>(at::TensorBase const&, double, double, at::CUDAGeneratorImpl*)::{lambda()#1}::operator()() const::{lambda()#3}::operator()() const::{lambda(float)#1})::{lambda(hiprandStatePhilox4_32_10*)#2}, at::native::templates::cuda::normal_kernel<at::CUDAGeneratorImpl*>(at::TensorBase const&, double, double, at::CUDAGeneratorImpl*)::{lambda()#1}::operator()() const::{lambda()#3}::operator()() const::{lambda(float)#1}>(at::TensorIteratorBase&, at::CUDAGeneratorImpl*, at::native::templates::cuda::normal_and_transform<c10::Half, float, at::CUDAGeneratorImpl*, at::native::templates::cuda::normal_kernel<at::CUDAGeneratorImpl*>(at::TensorBase const&, double, double, at::CUDAGeneratorImpl*)::{lambda()#1}::operator()() const::{lambda()#3}::operator()() const::{lambda(float)#1}>(at::TensorIteratorBase&, at::CUDAGeneratorImpl*, at::native::templates::cuda::normal_kernel<at::CUDAGeneratorImpl*>(at::TensorBase const&, double, double, at::CUDAGeneratorImpl*)::{lambda()#1}::operator()() const::{lambda()#3}::operator()() const::{lambda(float)#1})::{lambda(hiprandStatePhilox4_32_10*)#2} const&, at::native::templates::cuda::normal_kernel<at::CUDAGeneratorImpl*>(at::TensorBase const&, double, double, at::CUDAGeneratorImpl*)::{lambda()#1}::operator()() const::{lambda()#3}::operator()() const::{lambda(float)#1})::{lambda(int, float)#1}>(long, at::PhiloxCudaState, at::native::templates::cuda::normal_and_transform<c10::Half, float, at::CUDAGeneratorImpl*, at::native::templates::cuda::normal_kernel<at::CUDAGeneratorImpl*>(at::TensorBase const&, double, double, at::CUDAGeneratorImpl*)::{lambda()#1}::operator()() const::{lambda()#3}::operator()() const::{lambda(float)#1}>(at::TensorIteratorBase&, at::CUDAGeneratorImpl*, at::native::templates::cuda::normal_kernel<at::CUDAGeneratorImpl*>(at::TensorBase const&, double, double, at::CUDAGeneratorImpl*)::{lambda()#1}::operator()() const::{lambda()#3}::operator()() const::{lambda(float)#1})::{lambda(hiprandStatePhilox4_32_10*)#2}, at::native::(anonymous namespace)::distribution_nullary_kernel<c10::Half, float, HIP_vector_type<float, 4u>, at::CUDAGeneratorImpl*, at::native::templates::cuda::normal_and_transform<c10::Half, float, at::CUDAGeneratorImpl*, at::native::templates::cuda::normal_kernel<at::CUDAGeneratorImpl*>(at::TensorBase const&, double, double, at::CUDAGeneratorImpl*)::{lambda()#1}::operator()() const::{lambda()#3}::operator()() const::{lambda(float)#1}>(at::TensorIteratorBase&, at::CUDAGeneratorImpl*, at::native::templates::cuda::normal_kernel<at::CUDAGeneratorImpl*>(at::TensorBase const&, double, double, at::CUDAGeneratorImpl*)::{lambda()#1}::operator()() const::{lambda()#3}::operator()() const::{lambda(float)#1})::{lambda(hiprandStatePhilox4_32_10*)#2}, at::native::templates::cuda::normal_kernel<at::CUDAGeneratorImpl*>(at::TensorBase const&, double, double, at::CUDAGeneratorImpl*)::{lambda()#1}::operator()() const::{lambda()#3}::operator()() const::{lambda(float)#1}>(at::TensorIteratorBase&, at::CUDAGeneratorImpl*, at::native::templates::cuda::normal_and_transform<c10::Half, float, at::CUDAGeneratorImpl*, at::native::templates::cuda::normal_kernel<at::CUDAGeneratorImpl*>(at::TensorBase const&, double, double, at::CUDAGeneratorImpl*)::{lambda()#1}::operator()() const::{lambda()#3}::operator()() const::{lambda(float)#1}>(at::TensorIteratorBase&, at::CUDAGeneratorImpl*, at::native::templates::cuda::normal_kernel<at::CUDAGeneratorImpl*>(at::TensorBase const&, double, double, at::CUDAGeneratorImpl*)::{lambda()#1}::operator()() const::{lambda()#3}::operator()() const::{lambda(float)#1})::{lambda(hiprandStatePhilox4_32_10*)#2} const&, at::native::templates::cuda::normal_kernel<at::CUDAGeneratorImpl*>(at::TensorBase const&, double, double, at::CUDAGeneratorImpl*)::{lambda()#1}::operator()() const::{lambda()#3}::operator()() const::{lambda(float)#1})::{lambda(int, float)#1})",24,283409694577031,283409694616240,0,0,256,1,1,622592,1,1
"KERNEL_DISPATCH",7,3,348678,25,24,"void at::native::(anonymous namespace)::distribution_elementwise_grid_stride_kernel<float, 4, at::native::templates::cuda::normal_and_transform<c10::Half, float, at::CUDAGeneratorImpl*, at::native::templates::cuda::normal_kernel<at::CUDAGeneratorImpl*>(at::TensorBase const&, double, double, at::CUDAGeneratorImpl*)::{lambda()#1}::operator()() const::{lambda()#3}::operator()() const::{lambda(float)#1}>(at::TensorIteratorBase&, at::CUDAGeneratorImpl*, at::native::templates::cuda::normal_kernel<at::CUDAGeneratorImpl*>(at::TensorBase const&, double, double, at::CUDAGeneratorImpl*)::{lambda()#1}::operator()() const::{lambda()#3}::operator()() const::{lambda(float)#1})::{lambda(hiprandStatePhilox4_32_10*)#2}, at::native::(anonymous namespace)::distribution_nullary_kernel<c10::Half, float, HIP_vector_type<float, 4u>, at::CUDAGeneratorImpl*, at::native::templates::cuda::normal_and_transform<c10::Half, float, at::CUDAGeneratorImpl*, at::native::templates::cuda::normal_kernel<at::CUDAGeneratorImpl*>(at::TensorBase const&, double, double, at::CUDAGeneratorImpl*)::{lambda()#1}::operator()() const::{lambda()#3}::operator()() const::{lambda(float)#1}>(at::TensorIteratorBase&, at::CUDAGeneratorImpl*, at::native::templates::cuda::normal_kernel<at::CUDAGeneratorImpl*>(at::TensorBase const&, double, double, at::CUDAGeneratorImpl*)::{lambda()#1}::operator()() const::{lambda()#3}::operator()() const::{lambda(float)#1})::{lambda(hiprandStatePhilox4_32_10*)#2}, at::native::templates::cuda::normal_kernel<at::CUDAGeneratorImpl*>(at::TensorBase const&, double, double, at::CUDAGeneratorImpl*)::{lambda()#1}::operator()() const::{lambda()#3}::operator()() const::{lambda(float)#1}>(at::TensorIteratorBase&, at::CUDAGeneratorImpl*, at::native::templates::cuda::normal_and_transform<c10::Half, float, at::CUDAGeneratorImpl*, at::native::templates::cuda::normal_kernel<at::CUDAGeneratorImpl*>(at::TensorBase const&, double, double, at::CUDAGeneratorImpl*)::{lambda()#1}::operator()() const::{lambda()#3}::operator()() const::{lambda(float)#1}>(at::TensorIteratorBase&, at::CUDAGeneratorImpl*, at::native::templates::cuda::normal_kernel<at::CUDAGeneratorImpl*>(at::TensorBase const&, double, double, at::CUDAGeneratorImpl*)::{lambda()#1}::operator()() const::{lambda()#3}::operator()() const::{lambda(float)#1})::{lambda(hiprandStatePhilox4_32_10*)#2} const&, at::native::templates::cuda::normal_kernel<at::CUDAGeneratorImpl*>(at::TensorBase const&, double, double, at::CUDAGeneratorImpl*)::{lambda()#1}::operator()() const::{lambda()#3}::operator()() const::{lambda(float)#1})::{lambda(int, float)#1}>(long, at::PhiloxCudaState, at::native::templates::cuda::normal_and_transform<c10::Half, float, at::CUDAGeneratorImpl*, at::native::templates::cuda::normal_kernel<at::CUDAGeneratorImpl*>(at::TensorBase const&, double, double, at::CUDAGeneratorImpl*)::{lambda()#1}::operator()() const::{lambda()#3}::operator()() const::{lambda(float)#1}>(at::TensorIteratorBase&, at::CUDAGeneratorImpl*, at::native::templates::cuda::normal_kernel<at::CUDAGeneratorImpl*>(at::TensorBase const&, double, double, at::CUDAGeneratorImpl*)::{lambda()#1}::operator()() const::{lambda()#3}::operator()() const::{lambda(float)#1})::{lambda(hiprandStatePhilox4_32_10*)#2}, at::native::(anonymous namespace)::distribution_nullary_kernel<c10::Half, float, HIP_vector_type<float, 4u>, at::CUDAGeneratorImpl*, at::native::templates::cuda::normal_and_transform<c10::Half, float, at::CUDAGeneratorImpl*, at::native::templates::cuda::normal_kernel<at::CUDAGeneratorImpl*>(at::TensorBase const&, double, double, at::CUDAGeneratorImpl*)::{lambda()#1}::operator()() const::{lambda()#3}::operator()() const::{lambda(float)#1}>(at::TensorIteratorBase&, at::CUDAGeneratorImpl*, at::native::templates::cuda::normal_kernel<at::CUDAGeneratorImpl*>(at::TensorBase const&, double, double, at::CUDAGeneratorImpl*)::{lambda()#1}::operator()() const::{lambda()#3}::operator()() const::{lambda(float)#1})::{lambda(hiprandStatePhilox4_32_10*)#2}, at::native::templates::cuda::normal_kernel<at::CUDAGeneratorImpl*>(at::TensorBase const&, double, double, at::CUDAGeneratorImpl*)::{lambda()#1}::operator()() const::{lambda()#3}::operator()() const::{lambda(float)#1}>(at::TensorIteratorBase&, at::CUDAGeneratorImpl*, at::native::templates::cuda::normal_and_transform<c10::Half, float, at::CUDAGeneratorImpl*, at::native::templates::cuda::normal_kernel<at::CUDAGeneratorImpl*>(at::TensorBase const&, double, double, at::CUDAGeneratorImpl*)::{lambda()#1}::operator()() const::{lambda()#3}::operator()() const::{lambda(float)#1}>(at::TensorIteratorBase&, at::CUDAGeneratorImpl*, at::native::templates::cuda::normal_kernel<at::CUDAGeneratorImpl*>(at::TensorBase const&, double, double, at::CUDAGeneratorImpl*)::{lambda()#1}::operator()() const::{lambda()#3}::operator()() const::{lambda(float)#1})::{lambda(hiprandStatePhilox4_32_10*)#2} const&, at::native::templates::cuda::normal_kernel<at::CUDAGeneratorImpl*>(at::TensorBase const&, double, double, at::CUDAGeneratorImpl*)::{lambda()#1}::operator()() const::{lambda()#3}::operator()() const::{lambda(float)#1})::{lambda(int, float)#1})",25,283409694616240,283409694655691,0,0,256,1,1,622592,1,1
"KERNEL_DISPATCH",7,3,348678,26,24,"void at::native::(anonymous namespace)::distribution_elementwise_grid_stride_kernel<float, 4, at::native::templates::cuda::normal_and_transform<c10::Half, float, at::CUDAGeneratorImpl*, at::native::templates::cuda::normal_kernel<at::CUDAGeneratorImpl*>(at::TensorBase const&, double, double, at::CUDAGeneratorImpl*)::{lambda()#1}::operator()() const::{lambda()#3}::operator()() const::{lambda(float)#1}>(at::TensorIteratorBase&, at::CUDAGeneratorImpl*, at::native::templates::cuda::normal_kernel<at::CUDAGeneratorImpl*>(at::TensorBase const&, double, double, at::CUDAGeneratorImpl*)::{lambda()#1}::operator()() const::{lambda()#3}::operator()() const::{lambda(float)#1})::{lambda(hiprandStatePhilox4_32_10*)#2}, at::native::(anonymous namespace)::distribution_nullary_kernel<c10::Half, float, HIP_vector_type<float, 4u>, at::CUDAGeneratorImpl*, at::native::templates::cuda::normal_and_transform<c10::Half, float, at::CUDAGeneratorImpl*, at::native::templates::cuda::normal_kernel<at::CUDAGeneratorImpl*>(at::TensorBase const&, double, double, at::CUDAGeneratorImpl*)::{lambda()#1}::operator()() const::{lambda()#3}::operator()() const::{lambda(float)#1}>(at::TensorIteratorBase&, at::CUDAGeneratorImpl*, at::native::templates::cuda::normal_kernel<at::CUDAGeneratorImpl*>(at::TensorBase const&, double, double, at::CUDAGeneratorImpl*)::{lambda()#1}::operator()() const::{lambda()#3}::operator()() const::{lambda(float)#1})::{lambda(hiprandStatePhilox4_32_10*)#2}, at::native::templates::cuda::normal_kernel<at::CUDAGeneratorImpl*>(at::TensorBase const&, double, double, at::CUDAGeneratorImpl*)::{lambda()#1}::operator()() const::{lambda()#3}::operator()() const::{lambda(float)#1}>(at::TensorIteratorBase&, at::CUDAGeneratorImpl*, at::native::templates::cuda::normal_and_transform<c10::Half, float, at::CUDAGeneratorImpl*, at::native::templates::cuda::normal_kernel<at::CUDAGeneratorImpl*>(at::TensorBase const&, double, double, at::CUDAGeneratorImpl*)::{lambda()#1}::operator()() const::{lambda()#3}::operator()() const::{lambda(float)#1}>(at::TensorIteratorBase&, at::CUDAGeneratorImpl*, at::native::templates::cuda::normal_kernel<at::CUDAGeneratorImpl*>(at::TensorBase const&, double, double, at::CUDAGeneratorImpl*)::{lambda()#1}::operator()() const::{lambda()#3}::operator()() const::{lambda(float)#1})::{lambda(hiprandStatePhilox4_32_10*)#2} const&, at::native::templates::cuda::normal_kernel<at::CUDAGeneratorImpl*>(at::TensorBase const&, double, double, at::CUDAGeneratorImpl*)::{lambda()#1}::operator()() const::{lambda()#3}::operator()() const::{lambda(float)#1})::{lambda(int, float)#1}>(long, at::PhiloxCudaState, at::native::templates::cuda::normal_and_transform<c10::Half, float, at::CUDAGeneratorImpl*, at::native::templates::cuda::normal_kernel<at::CUDAGeneratorImpl*>(at::TensorBase const&, double, double, at::CUDAGeneratorImpl*)::{lambda()#1}::operator()() const::{lambda()#3}::operator()() const::{lambda(float)#1}>(at::TensorIteratorBase&, at::CUDAGeneratorImpl*, at::native::templates::cuda::normal_kernel<at::CUDAGeneratorImpl*>(at::TensorBase const&, double, double, at::CUDAGeneratorImpl*)::{lambda()#1}::operator()() const::{lambda()#3}::operator()() const::{lambda(float)#1})::{lambda(hiprandStatePhilox4_32_10*)#2}, at::native::(anonymous namespace)::distribution_nullary_kernel<c10::Half, float, HIP_vector_type<float, 4u>, at::CUDAGeneratorImpl*, at::native::templates::cuda::normal_and_transform<c10::Half, float, at::CUDAGeneratorImpl*, at::native::templates::cuda::normal_kernel<at::CUDAGeneratorImpl*>(at::TensorBase const&, double, double, at::CUDAGeneratorImpl*)::{lambda()#1}::operator()() const::{lambda()#3}::operator()() const::{lambda(float)#1}>(at::TensorIteratorBase&, at::CUDAGeneratorImpl*, at::native::templates::cuda::normal_kernel<at::CUDAGeneratorImpl*>(at::TensorBase const&, double, double, at::CUDAGeneratorImpl*)::{lambda()#1}::operator()() const::{lambda()#3}::operator()() const::{lambda(float)#1})::{lambda(hiprandStatePhilox4_32_10*)#2}, at::native::templates::cuda::normal_kernel<at::CUDAGeneratorImpl*>(at::TensorBase const&, double, double, at::CUDAGeneratorImpl*)::{lambda()#1}::operator()() const::{lambda()#3}::operator()() const::{lambda(float)#1}>(at::TensorIteratorBase&, at::CUDAGeneratorImpl*, at::native::templates::cuda::normal_and_transform<c10::Half, float, at::CUDAGeneratorImpl*, at::native::templates::cuda::normal_kernel<at::CUDAGeneratorImpl*>(at::TensorBase const&, double, double, at::CUDAGeneratorImpl*)::{lambda()#1}::operator()() const::{lambda()#3}::operator()() const::{lambda(float)#1}>(at::TensorIteratorBase&, at::CUDAGeneratorImpl*, at::native::templates::cuda::normal_kernel<at::CUDAGeneratorImpl*>(at::TensorBase const&, double, double, at::CUDAGeneratorImpl*)::{lambda()#1}::operator()() const::{lambda()#3}::operator()() const::{lambda(float)#1})::{lambda(hiprandStatePhilox4_32_10*)#2} const&, at::native::templates::cuda::normal_kernel<at::CUDAGeneratorImpl*>(at::TensorBase const&, double, double, at::CUDAGeneratorImpl*)::{lambda()#1}::operator()() const::{lambda()#3}::operator()() const::{lambda(float)#1})::{lambda(int, float)#1})",26,283409694655691,283409694660622,0,0,256,1,1,262144,1,1
"KERNEL_DISPATCH",7,3,348678,27,24,"void at::native::(anonymous namespace)::distribution_elementwise_grid_stride_kernel<float, 4, at::native::templates::cuda::normal_and_transform<c10::Half, float, at::CUDAGeneratorImpl*, at::native::templates::cuda::normal_kernel<at::CUDAGeneratorImpl*>(at::TensorBase const&, double, double, at::CUDAGeneratorImpl*)::{lambda()#1}::operator()() const::{lambda()#3}::operator()() const::{lambda(float)#1}>(at::TensorIteratorBase&, at::CUDAGeneratorImpl*, at::native::templates::cuda::normal_kernel<at::CUDAGeneratorImpl*>(at::TensorBase const&, double, double, at::CUDAGeneratorImpl*)::{lambda()#1}::operator()() const::{lambda()#3}::operator()() const::{lambda(float)#1})::{lambda(hiprandStatePhilox4_32_10*)#2}, at::native::(anonymous namespace)::distribution_nullary_kernel<c10::Half, float, HIP_vector_type<float, 4u>, at::CUDAGeneratorImpl*, at::native::templates::cuda::normal_and_transform<c10::Half, float, at::CUDAGeneratorImpl*, at::native::templates::cuda::normal_kernel<at::CUDAGeneratorImpl*>(at::TensorBase const&, double, double, at::CUDAGeneratorImpl*)::{lambda()#1}::operator()() const::{lambda()#3}::operator()() const::{lambda(float)#1}>(at::TensorIteratorBase&, at::CUDAGeneratorImpl*, at::native::templates::cuda::normal_kernel<at::CUDAGeneratorImpl*>(at::TensorBase const&, double, double, at::CUDAGeneratorImpl*)::{lambda()#1}::operator()() const::{lambda()#3}::operator()() const::{lambda(float)#1})::{lambda(hiprandStatePhilox4_32_10*)#2}, at::native::templates::cuda::normal_kernel<at::CUDAGeneratorImpl*>(at::TensorBase const&, double, double, at::CUDAGeneratorImpl*)::{lambda()#1}::operator()() const::{lambda()#3}::operator()() const::{lambda(float)#1}>(at::TensorIteratorBase&, at::CUDAGeneratorImpl*, at::native::templates::cuda::normal_and_transform<c10::Half, float, at::CUDAGeneratorImpl*, at::native::templates::cuda::normal_kernel<at::CUDAGeneratorImpl*>(at::TensorBase const&, double, double, at::CUDAGeneratorImpl*)::{lambda()#1}::operator()() const::{lambda()#3}::operator()() const::{lambda(float)#1}>(at::TensorIteratorBase&, at::CUDAGeneratorImpl*, at::native::templates::cuda::normal_kernel<at::CUDAGeneratorImpl*>(at::TensorBase const&, double, double, at::CUDAGeneratorImpl*)::{lambda()#1}::operator()() const::{lambda()#3}::operator()() const::{lambda(float)#1})::{lambda(hiprandStatePhilox4_32_10*)#2} const&, at::native::templates::cuda::normal_kernel<at::CUDAGeneratorImpl*>(at::TensorBase const&, double, double, at::CUDAGeneratorImpl*)::{lambda()#1}::operator()() const::{lambda()#3}::operator()() const::{lambda(float)#1})::{lambda(int, float)#1}>(long, at::PhiloxCudaState, at::native::templates::cuda::normal_and_transform<c10::Half, float, at::CUDAGeneratorImpl*, at::native::templates::cuda::normal_kernel<at::CUDAGeneratorImpl*>(at::TensorBase const&, double, double, at::CUDAGeneratorImpl*)::{lambda()#1}::operator()() const::{lambda()#3}::operator()() const::{lambda(float)#1}>(at::TensorIteratorBase&, at::CUDAGeneratorImpl*, at::native::templates::cuda::normal_kernel<at::CUDAGeneratorImpl*>(at::TensorBase const&, double, double, at::CUDAGeneratorImpl*)::{lambda()#1}::operator()() const::{lambda()#3}::operator()() const::{lambda(float)#1})::{lambda(hiprandStatePhilox4_32_10*)#2}, at::native::(anonymous namespace)::distribution_nullary_kernel<c10::Half, float, HIP_vector_type<float, 4u>, at::CUDAGeneratorImpl*, at::native::templates::cuda::normal_and_transform<c10::Half, float, at::CUDAGeneratorImpl*, at::native::templates::cuda::normal_kernel<at::CUDAGeneratorImpl*>(at::TensorBase const&, double, double, at::CUDAGeneratorImpl*)::{lambda()#1}::operator()() const::{lambda()#3}::operator()() const::{lambda(float)#1}>(at::TensorIteratorBase&, at::CUDAGeneratorImpl*, at::native::templates::cuda::normal_kernel<at::CUDAGeneratorImpl*>(at::TensorBase const&, double, double, at::CUDAGeneratorImpl*)::{lambda()#1}::operator()() const::{lambda()#3}::operator()() const::{lambda(float)#1})::{lambda(hiprandStatePhilox4_32_10*)#2}, at::native::templates::cuda::normal_kernel<at::CUDAGeneratorImpl*>(at::TensorBase const&, double, double, at::CUDAGeneratorImpl*)::{lambda()#1}::operator()() const::{lambda()#3}::operator()() const::{lambda(float)#1}>(at::TensorIteratorBase&, at::CUDAGeneratorImpl*, at::native::templates::cuda::normal_and_transform<c10::Half, float, at::CUDAGeneratorImpl*, at::native::templates::cuda::normal_kernel<at::CUDAGeneratorImpl*>(at::TensorBase const&, double, double, at::CUDAGeneratorImpl*)::{lambda()#1}::operator()() const::{lambda()#3}::operator()() const::{lambda(float)#1}>(at::TensorIteratorBase&, at::CUDAGeneratorImpl*, at::native::templates::cuda::normal_kernel<at::CUDAGeneratorImpl*>(at::TensorBase const&, double, double, at::CUDAGeneratorImpl*)::{lambda()#1}::operator()() const::{lambda()#3}::operator()() const::{lambda(float)#1})::{lambda(hiprandStatePhilox4_32_10*)#2} const&, at::native::templates::cuda::normal_kernel<at::CUDAGeneratorImpl*>(at::TensorBase const&, double, double, at::CUDAGeneratorImpl*)::{lambda()#1}::operator()() const::{lambda()#3}::operator()() const::{lambda(float)#1})::{lambda(int, float)#1})",27,283409694660622,283409694665794,0,0,256,1,1,262144,1,1
"KERNEL_DISPATCH",7,3,348678,28,24,"void at::native::(anonymous namespace)::distribution_elementwise_grid_stride_kernel<float, 4, at::native::templates::cuda::normal_and_transform<c10::Half, float, at::CUDAGeneratorImpl*, at::native::templates::cuda::normal_kernel<at::CUDAGeneratorImpl*>(at::TensorBase const&, double, double, at::CUDAGeneratorImpl*)::{lambda()#1}::operator()() const::{lambda()#3}::operator()() const::{lambda(float)#1}>(at::TensorIteratorBase&, at::CUDAGeneratorImpl*, at::native::templates::cuda::normal_kernel<at::CUDAGeneratorImpl*>(at::TensorBase const&, double, double, at::CUDAGeneratorImpl*)::{lambda()#1}::operator()() const::{lambda()#3}::operator()() const::{lambda(float)#1})::{lambda(hiprandStatePhilox4_32_10*)#2}, at::native::(anonymous namespace)::distribution_nullary_kernel<c10::Half, float, HIP_vector_type<float, 4u>, at::CUDAGeneratorImpl*, at::native::templates::cuda::normal_and_transform<c10::Half, float, at::CUDAGeneratorImpl*, at::native::templates::cuda::normal_kernel<at::CUDAGeneratorImpl*>(at::TensorBase const&, double, double, at::CUDAGeneratorImpl*)::{lambda()#1}::operator()() const::{lambda()#3}::operator()() const::{lambda(float)#1}>(at::TensorIteratorBase&, at::CUDAGeneratorImpl*, at::native::templates::cuda::normal_kernel<at::CUDAGeneratorImpl*>(at::TensorBase const&, double, double, at::CUDAGeneratorImpl*)::{lambda()#1}::operator()() const::{lambda()#3}::operator()() const::{lambda(float)#1})::{lambda(hiprandStatePhilox4_32_10*)#2}, at::native::templates::cuda::normal_kernel<at::CUDAGeneratorImpl*>(at::TensorBase const&, double, double, at::CUDAGeneratorImpl*)::{lambda()#1}::operator()() const::{lambda()#3}::operator()() const::{lambda(float)#1}>(at::TensorIteratorBase&, at::CUDAGeneratorImpl*, at::native::templates::cuda::normal_and_transform<c10::Half, float, at::CUDAGeneratorImpl*, at::native::templates::cuda::normal_kernel<at::CUDAGeneratorImpl*>(at::TensorBase const&, double, double, at::CUDAGeneratorImpl*)::{lambda()#1}::operator()() const::{lambda()#3}::operator()() const::{lambda(float)#1}>(at::TensorIteratorBase&, at::CUDAGeneratorImpl*, at::native::templates::cuda::normal_kernel<at::CUDAGeneratorImpl*>(at::TensorBase const&, double, double, at::CUDAGeneratorImpl*)::{lambda()#1}::operator()() const::{lambda()#3}::operator()() const::{lambda(float)#1})::{lambda(hiprandStatePhilox4_32_10*)#2} const&, at::native::templates::cuda::normal_kernel<at::CUDAGeneratorImpl*>(at::TensorBase const&, double, double, at::CUDAGeneratorImpl*)::{lambda()#1}::operator()() const::{lambda()#3}::operator()() const::{lambda(float)#1})::{lambda(int, float)#1}>(long, at::PhiloxCudaState, at::native::templates::cuda::normal_and_transform<c10::Half, float, at::CUDAGeneratorImpl*, at::native::templates::cuda::normal_kernel<at::CUDAGeneratorImpl*>(at::TensorBase const&, double, double, at::CUDAGeneratorImpl*)::{lambda()#1}::operator()() const::{lambda()#3}::operator()() const::{lambda(float)#1}>(at::TensorIteratorBase&, at::CUDAGeneratorImpl*, at::native::templates::cuda::normal_kernel<at::CUDAGeneratorImpl*>(at::TensorBase const&, double, double, at::CUDAGeneratorImpl*)::{lambda()#1}::operator()() const::{lambda()#3}::operator()() const::{lambda(float)#1})::{lambda(hiprandStatePhilox4_32_10*)#2}, at::native::(anonymous namespace)::distribution_nullary_kernel<c10::Half, float, HIP_vector_type<float, 4u>, at::CUDAGeneratorImpl*, at::native::templates::cuda::normal_and_transform<c10::Half, float, at::CUDAGeneratorImpl*, at::native::templates::cuda::normal_kernel<at::CUDAGeneratorImpl*>(at::TensorBase const&, double, double, at::CUDAGeneratorImpl*)::{lambda()#1}::operator()() const::{lambda()#3}::operator()() const::{lambda(float)#1}>(at::TensorIteratorBase&, at::CUDAGeneratorImpl*, at::native::templates::cuda::normal_kernel<at::CUDAGeneratorImpl*>(at::TensorBase const&, double, double, at::CUDAGeneratorImpl*)::{lambda()#1}::operator()() const::{lambda()#3}::operator()() const::{lambda(float)#1})::{lambda(hiprandStatePhilox4_32_10*)#2}, at::native::templates::cuda::normal_kernel<at::CUDAGeneratorImpl*>(at::TensorBase const&, double, double, at::CUDAGeneratorImpl*)::{lambda()#1}::operator()() const::{lambda()#3}::operator()() const::{lambda(float)#1}>(at::TensorIteratorBase&, at::CUDAGeneratorImpl*, at::native::templates::cuda::normal_and_transform<c10::Half, float, at::CUDAGeneratorImpl*, at::native::templates::cuda::normal_kernel<at::CUDAGeneratorImpl*>(at::TensorBase const&, double, double, at::CUDAGeneratorImpl*)::{lambda()#1}::operator()() const::{lambda()#3}::operator()() const::{lambda(float)#1}>(at::TensorIteratorBase&, at::CUDAGeneratorImpl*, at::native::templates::cuda::normal_kernel<at::CUDAGeneratorImpl*>(at::TensorBase const&, double, double, at::CUDAGeneratorImpl*)::{lambda()#1}::operator()() const::{lambda()#3}::operator()() const::{lambda(float)#1})::{lambda(hiprandStatePhilox4_32_10*)#2} const&, at::native::templates::cuda::normal_kernel<at::CUDAGeneratorImpl*>(at::TensorBase const&, double, double, at::CUDAGeneratorImpl*)::{lambda()#1}::operator()() const::{lambda()#3}::operator()() const::{lambda(float)#1})::{lambda(int, float)#1})",28,283409694665794,283409694671246,0,0,256,1,1,524288,1,1
"KERNEL_DISPATCH",7,3,348678,29,24,"void at::native::(anonymous namespace)::distribution_elementwise_grid_stride_kernel<float, 4, at::native::templates::cuda::normal_and_transform<c10::Half, float, at::CUDAGeneratorImpl*, at::native::templates::cuda::normal_kernel<at::CUDAGeneratorImpl*>(at::TensorBase const&, double, double, at::CUDAGeneratorImpl*)::{lambda()#1}::operator()() const::{lambda()#3}::operator()() const::{lambda(float)#1}>(at::TensorIteratorBase&, at::CUDAGeneratorImpl*, at::native::templates::cuda::normal_kernel<at::CUDAGeneratorImpl*>(at::TensorBase const&, double, double, at::CUDAGeneratorImpl*)::{lambda()#1}::operator()() const::{lambda()#3}::operator()() const::{lambda(float)#1})::{lambda(hiprandStatePhilox4_32_10*)#2}, at::native::(anonymous namespace)::distribution_nullary_kernel<c10::Half, float, HIP_vector_type<float, 4u>, at::CUDAGeneratorImpl*, at::native::templates::cuda::normal_and_transform<c10::Half, float, at::CUDAGeneratorImpl*, at::native::templates::cuda::normal_kernel<at::CUDAGeneratorImpl*>(at::TensorBase const&, double, double, at::CUDAGeneratorImpl*)::{lambda()#1}::operator()() const::{lambda()#3}::operator()() const::{lambda(float)#1}>(at::TensorIteratorBase&, at::CUDAGeneratorImpl*, at::native::templates::cuda::normal_kernel<at::CUDAGeneratorImpl*>(at::TensorBase const&, double, double, at::CUDAGeneratorImpl*)::{lambda()#1}::operator()() const::{lambda()#3}::operator()() const::{lambda(float)#1})::{lambda(hiprandStatePhilox4_32_10*)#2}, at::native::templates::cuda::normal_kernel<at::CUDAGeneratorImpl*>(at::TensorBase const&, double, double, at::CUDAGeneratorImpl*)::{lambda()#1}::operator()() const::{lambda()#3}::operator()() const::{lambda(float)#1}>(at::TensorIteratorBase&, at::CUDAGeneratorImpl*, at::native::templates::cuda::normal_and_transform<c10::Half, float, at::CUDAGeneratorImpl*, at::native::templates::cuda::normal_kernel<at::CUDAGeneratorImpl*>(at::TensorBase const&, double, double, at::CUDAGeneratorImpl*)::{lambda()#1}::operator()() const::{lambda()#3}::operator()() const::{lambda(float)#1}>(at::TensorIteratorBase&, at::CUDAGeneratorImpl*, at::native::templates::cuda::normal_kernel<at::CUDAGeneratorImpl*>(at::TensorBase const&, double, double, at::CUDAGeneratorImpl*)::{lambda()#1}::operator()() const::{lambda()#3}::operator()() const::{lambda(float)#1})::{lambda(hiprandStatePhilox4_32_10*)#2} const&, at::native::templates::cuda::normal_kernel<at::CUDAGeneratorImpl*>(at::TensorBase const&, double, double, at::CUDAGeneratorImpl*)::{lambda()#1}::operator()() const::{lambda()#3}::operator()() const::{lambda(float)#1})::{lambda(int, float)#1}>(long, at::PhiloxCudaState, at::native::templates::cuda::normal_and_transform<c10::Half, float, at::CUDAGeneratorImpl*, at::native::templates::cuda::normal_kernel<at::CUDAGeneratorImpl*>(at::TensorBase const&, double, double, at::CUDAGeneratorImpl*)::{lambda()#1}::operator()() const::{lambda()#3}::operator()() const::{lambda(float)#1}>(at::TensorIteratorBase&, at::CUDAGeneratorImpl*, at::native::templates::cuda::normal_kernel<at::CUDAGeneratorImpl*>(at::TensorBase const&, double, double, at::CUDAGeneratorImpl*)::{lambda()#1}::operator()() const::{lambda()#3}::operator()() const::{lambda(float)#1})::{lambda(hiprandStatePhilox4_32_10*)#2}, at::native::(anonymous namespace)::distribution_nullary_kernel<c10::Half, float, HIP_vector_type<float, 4u>, at::CUDAGeneratorImpl*, at::native::templates::cuda::normal_and_transform<c10::Half, float, at::CUDAGeneratorImpl*, at::native::templates::cuda::normal_kernel<at::CUDAGeneratorImpl*>(at::TensorBase const&, double, double, at::CUDAGeneratorImpl*)::{lambda()#1}::operator()() const::{lambda()#3}::operator()() const::{lambda(float)#1}>(at::TensorIteratorBase&, at::CUDAGeneratorImpl*, at::native::templates::cuda::normal_kernel<at::CUDAGeneratorImpl*>(at::TensorBase const&, double, double, at::CUDAGeneratorImpl*)::{lambda()#1}::operator()() const::{lambda()#3}::operator()() const::{lambda(float)#1})::{lambda(hiprandStatePhilox4_32_10*)#2}, at::native::templates::cuda::normal_kernel<at::CUDAGeneratorImpl*>(at::TensorBase const&, double, double, at::CUDAGeneratorImpl*)::{lambda()#1}::operator()() const::{lambda()#3}::operator()() const::{lambda(float)#1}>(at::TensorIteratorBase&, at::CUDAGeneratorImpl*, at::native::templates::cuda::normal_and_transform<c10::Half, float, at::CUDAGeneratorImpl*, at::native::templates::cuda::normal_kernel<at::CUDAGeneratorImpl*>(at::TensorBase const&, double, double, at::CUDAGeneratorImpl*)::{lambda()#1}::operator()() const::{lambda()#3}::operator()() const::{lambda(float)#1}>(at::TensorIteratorBase&, at::CUDAGeneratorImpl*, at::native::templates::cuda::normal_kernel<at::CUDAGeneratorImpl*>(at::TensorBase const&, double, double, at::CUDAGeneratorImpl*)::{lambda()#1}::operator()() const::{lambda()#3}::operator()() const::{lambda(float)#1})::{lambda(hiprandStatePhilox4_32_10*)#2} const&, at::native::templates::cuda::normal_kernel<at::CUDAGeneratorImpl*>(at::TensorBase const&, double, double, at::CUDAGeneratorImpl*)::{lambda()#1}::operator()() const::{lambda()#3}::operator()() const::{lambda(float)#1})::{lambda(int, float)#1})",29,283409694671246,283409694710175,0,0,256,1,1,622592,1,1
"KERNEL_DISPATCH",7,3,348678,30,24,"void at::native::(anonymous namespace)::distribution_elementwise_grid_stride_kernel<float, 4, at::native::templates::cuda::normal_and_transform<c10::Half, float, at::CUDAGeneratorImpl*, at::native::templates::cuda::normal_kernel<at::CUDAGeneratorImpl*>(at::TensorBase const&, double, double, at::CUDAGeneratorImpl*)::{lambda()#1}::operator()() const::{lambda()#3}::operator()() const::{lambda(float)#1}>(at::TensorIteratorBase&, at::CUDAGeneratorImpl*, at::native::templates::cuda::normal_kernel<at::CUDAGeneratorImpl*>(at::TensorBase const&, double, double, at::CUDAGeneratorImpl*)::{lambda()#1}::operator()() const::{lambda()#3}::operator()() const::{lambda(float)#1})::{lambda(hiprandStatePhilox4_32_10*)#2}, at::native::(anonymous namespace)::distribution_nullary_kernel<c10::Half, float, HIP_vector_type<float, 4u>, at::CUDAGeneratorImpl*, at::native::templates::cuda::normal_and_transform<c10::Half, float, at::CUDAGeneratorImpl*, at::native::templates::cuda::normal_kernel<at::CUDAGeneratorImpl*>(at::TensorBase const&, double, double, at::CUDAGeneratorImpl*)::{lambda()#1}::operator()() const::{lambda()#3}::operator()() const::{lambda(float)#1}>(at::TensorIteratorBase&, at::CUDAGeneratorImpl*, at::native::templates::cuda::normal_kernel<at::CUDAGeneratorImpl*>(at::TensorBase const&, double, double, at::CUDAGeneratorImpl*)::{lambda()#1}::operator()() const::{lambda()#3}::operator()() const::{lambda(float)#1})::{lambda(hiprandStatePhilox4_32_10*)#2}, at::native::templates::cuda::normal_kernel<at::CUDAGeneratorImpl*>(at::TensorBase const&, double, double, at::CUDAGeneratorImpl*)::{lambda()#1}::operator()() const::{lambda()#3}::operator()() const::{lambda(float)#1}>(at::TensorIteratorBase&, at::CUDAGeneratorImpl*, at::native::templates::cuda::normal_and_transform<c10::Half, float, at::CUDAGeneratorImpl*, at::native::templates::cuda::normal_kernel<at::CUDAGeneratorImpl*>(at::TensorBase const&, double, double, at::CUDAGeneratorImpl*)::{lambda()#1}::operator()() const::{lambda()#3}::operator()() const::{lambda(float)#1}>(at::TensorIteratorBase&, at::CUDAGeneratorImpl*, at::native::templates::cuda::normal_kernel<at::CUDAGeneratorImpl*>(at::TensorBase const&, double, double, at::CUDAGeneratorImpl*)::{lambda()#1}::operator()() const::{lambda()#3}::operator()() const::{lambda(float)#1})::{lambda(hiprandStatePhilox4_32_10*)#2} const&, at::native::templates::cuda::normal_kernel<at::CUDAGeneratorImpl*>(at::TensorBase const&, double, double, at::CUDAGeneratorImpl*)::{lambda()#1}::operator()() const::{lambda()#3}::operator()() const::{lambda(float)#1})::{lambda(int, float)#1}>(long, at::PhiloxCudaState, at::native::templates::cuda::normal_and_transform<c10::Half, float, at::CUDAGeneratorImpl*, at::native::templates::cuda::normal_kernel<at::CUDAGeneratorImpl*>(at::TensorBase const&, double, double, at::CUDAGeneratorImpl*)::{lambda()#1}::operator()() const::{lambda()#3}::operator()() const::{lambda(float)#1}>(at::TensorIteratorBase&, at::CUDAGeneratorImpl*, at::native::templates::cuda::normal_kernel<at::CUDAGeneratorImpl*>(at::TensorBase const&, double, double, at::CUDAGeneratorImpl*)::{lambda()#1}::operator()() const::{lambda()#3}::operator()() const::{lambda(float)#1})::{lambda(hiprandStatePhilox4_32_10*)#2}, at::native::(anonymous namespace)::distribution_nullary_kernel<c10::Half, float, HIP_vector_type<float, 4u>, at::CUDAGeneratorImpl*, at::native::templates::cuda::normal_and_transform<c10::Half, float, at::CUDAGeneratorImpl*, at::native::templates::cuda::normal_kernel<at::CUDAGeneratorImpl*>(at::TensorBase const&, double, double, at::CUDAGeneratorImpl*)::{lambda()#1}::operator()() const::{lambda()#3}::operator()() const::{lambda(float)#1}>(at::TensorIteratorBase&, at::CUDAGeneratorImpl*, at::native::templates::cuda::normal_kernel<at::CUDAGeneratorImpl*>(at::TensorBase const&, double, double, at::CUDAGeneratorImpl*)::{lambda()#1}::operator()() const::{lambda()#3}::operator()() const::{lambda(float)#1})::{lambda(hiprandStatePhilox4_32_10*)#2}, at::native::templates::cuda::normal_kernel<at::CUDAGeneratorImpl*>(at::TensorBase const&, double, double, at::CUDAGeneratorImpl*)::{lambda()#1}::operator()() const::{lambda()#3}::operator()() const::{lambda(float)#1}>(at::TensorIteratorBase&, at::CUDAGeneratorImpl*, at::native::templates::cuda::normal_and_transform<c10::Half, float, at::CUDAGeneratorImpl*, at::native::templates::cuda::normal_kernel<at::CUDAGeneratorImpl*>(at::TensorBase const&, double, double, at::CUDAGeneratorImpl*)::{lambda()#1}::operator()() const::{lambda()#3}::operator()() const::{lambda(float)#1}>(at::TensorIteratorBase&, at::CUDAGeneratorImpl*, at::native::templates::cuda::normal_kernel<at::CUDAGeneratorImpl*>(at::TensorBase const&, double, double, at::CUDAGeneratorImpl*)::{lambda()#1}::operator()() const::{lambda()#3}::operator()() const::{lambda(float)#1})::{lambda(hiprandStatePhilox4_32_10*)#2} const&, at::native::templates::cuda::normal_kernel<at::CUDAGeneratorImpl*>(at::TensorBase const&, double, double, at::CUDAGeneratorImpl*)::{lambda()#1}::operator()() const::{lambda()#3}::operator()() const::{lambda(float)#1})::{lambda(int, float)#1})",30,283409694710175,283409694749225,0,0,256,1,1,622592,1,1
"KERNEL_DISPATCH",7,3,348678,31,24,"void at::native::(anonymous namespace)::distribution_elementwise_grid_stride_kernel<float, 4, at::native::templates::cuda::normal_and_transform<c10::Half, float, at::CUDAGeneratorImpl*, at::native::templates::cuda::normal_kernel<at::CUDAGeneratorImpl*>(at::TensorBase const&, double, double, at::CUDAGeneratorImpl*)::{lambda()#1}::operator()() const::{lambda()#3}::operator()() const::{lambda(float)#1}>(at::TensorIteratorBase&, at::CUDAGeneratorImpl*, at::native::templates::cuda::normal_kernel<at::CUDAGeneratorImpl*>(at::TensorBase const&, double, double, at::CUDAGeneratorImpl*)::{lambda()#1}::operator()() const::{lambda()#3}::operator()() const::{lambda(float)#1})::{lambda(hiprandStatePhilox4_32_10*)#2}, at::native::(anonymous namespace)::distribution_nullary_kernel<c10::Half, float, HIP_vector_type<float, 4u>, at::CUDAGeneratorImpl*, at::native::templates::cuda::normal_and_transform<c10::Half, float, at::CUDAGeneratorImpl*, at::native::templates::cuda::normal_kernel<at::CUDAGeneratorImpl*>(at::TensorBase const&, double, double, at::CUDAGeneratorImpl*)::{lambda()#1}::operator()() const::{lambda()#3}::operator()() const::{lambda(float)#1}>(at::TensorIteratorBase&, at::CUDAGeneratorImpl*, at::native::templates::cuda::normal_kernel<at::CUDAGeneratorImpl*>(at::TensorBase const&, double, double, at::CUDAGeneratorImpl*)::{lambda()#1}::operator()() const::{lambda()#3}::operator()() const::{lambda(float)#1})::{lambda(hiprandStatePhilox4_32_10*)#2}, at::native::templates::cuda::normal_kernel<at::CUDAGeneratorImpl*>(at::TensorBase const&, double, double, at::CUDAGeneratorImpl*)::{lambda()#1}::operator()() const::{lambda()#3}::operator()() const::{lambda(float)#1}>(at::TensorIteratorBase&, at::CUDAGeneratorImpl*, at::native::templates::cuda::normal_and_transform<c10::Half, float, at::CUDAGeneratorImpl*, at::native::templates::cuda::normal_kernel<at::CUDAGeneratorImpl*>(at::TensorBase const&, double, double, at::CUDAGeneratorImpl*)::{lambda()#1}::operator()() const::{lambda()#3}::operator()() const::{lambda(float)#1}>(at::TensorIteratorBase&, at::CUDAGeneratorImpl*, at::native::templates::cuda::normal_kernel<at::CUDAGeneratorImpl*>(at::TensorBase const&, double, double, at::CUDAGeneratorImpl*)::{lambda()#1}::operator()() const::{lambda()#3}::operator()() const::{lambda(float)#1})::{lambda(hiprandStatePhilox4_32_10*)#2} const&, at::native::templates::cuda::normal_kernel<at::CUDAGeneratorImpl*>(at::TensorBase const&, double, double, at::CUDAGeneratorImpl*)::{lambda()#1}::operator()() const::{lambda()#3}::operator()() const::{lambda(float)#1})::{lambda(int, float)#1}>(long, at::PhiloxCudaState, at::native::templates::cuda::normal_and_transform<c10::Half, float, at::CUDAGeneratorImpl*, at::native::templates::cuda::normal_kernel<at::CUDAGeneratorImpl*>(at::TensorBase const&, double, double, at::CUDAGeneratorImpl*)::{lambda()#1}::operator()() const::{lambda()#3}::operator()() const::{lambda(float)#1}>(at::TensorIteratorBase&, at::CUDAGeneratorImpl*, at::native::templates::cuda::normal_kernel<at::CUDAGeneratorImpl*>(at::TensorBase const&, double, double, at::CUDAGeneratorImpl*)::{lambda()#1}::operator()() const::{lambda()#3}::operator()() const::{lambda(float)#1})::{lambda(hiprandStatePhilox4_32_10*)#2}, at::native::(anonymous namespace)::distribution_nullary_kernel<c10::Half, float, HIP_vector_type<float, 4u>, at::CUDAGeneratorImpl*, at::native::templates::cuda::normal_and_transform<c10::Half, float, at::CUDAGeneratorImpl*, at::native::templates::cuda::normal_kernel<at::CUDAGeneratorImpl*>(at::TensorBase const&, double, double, at::CUDAGeneratorImpl*)::{lambda()#1}::operator()() const::{lambda()#3}::operator()() const::{lambda(float)#1}>(at::TensorIteratorBase&, at::CUDAGeneratorImpl*, at::native::templates::cuda::normal_kernel<at::CUDAGeneratorImpl*>(at::TensorBase const&, double, double, at::CUDAGeneratorImpl*)::{lambda()#1}::operator()() const::{lambda()#3}::operator()() const::{lambda(float)#1})::{lambda(hiprandStatePhilox4_32_10*)#2}, at::native::templates::cuda::normal_kernel<at::CUDAGeneratorImpl*>(at::TensorBase const&, double, double, at::CUDAGeneratorImpl*)::{lambda()#1}::operator()() const::{lambda()#3}::operator()() const::{lambda(float)#1}>(at::TensorIteratorBase&, at::CUDAGeneratorImpl*, at::native::templates::cuda::normal_and_transform<c10::Half, float, at::CUDAGeneratorImpl*, at::native::templates::cuda::normal_kernel<at::CUDAGeneratorImpl*>(at::TensorBase const&, double, double, at::CUDAGeneratorImpl*)::{lambda()#1}::operator()() const::{lambda()#3}::operator()() const::{lambda(float)#1}>(at::TensorIteratorBase&, at::CUDAGeneratorImpl*, at::native::templates::cuda::normal_kernel<at::CUDAGeneratorImpl*>(at::TensorBase const&, double, double, at::CUDAGeneratorImpl*)::{lambda()#1}::operator()() const::{lambda()#3}::operator()() const::{lambda(float)#1})::{lambda(hiprandStatePhilox4_32_10*)#2} const&, at::native::templates::cuda::normal_kernel<at::CUDAGeneratorImpl*>(at::TensorBase const&, double, double, at::CUDAGeneratorImpl*)::{lambda()#1}::operator()() const::{lambda()#3}::operator()() const::{lambda(float)#1})::{lambda(int, float)#1})",31,283409694749225,283409694788835,0,0,256,1,1,622592,1,1
"KERNEL_DISPATCH",7,3,348678,32,24,"void at::native::(anonymous namespace)::distribution_elementwise_grid_stride_kernel<float, 4, at::native::templates::cuda::normal_and_transform<c10::Half, float, at::CUDAGeneratorImpl*, at::native::templates::cuda::normal_kernel<at::CUDAGeneratorImpl*>(at::TensorBase const&, double, double, at::CUDAGeneratorImpl*)::{lambda()#1}::operator()() const::{lambda()#3}::operator()() const::{lambda(float)#1}>(at::TensorIteratorBase&, at::CUDAGeneratorImpl*, at::native::templates::cuda::normal_kernel<at::CUDAGeneratorImpl*>(at::TensorBase const&, double, double, at::CUDAGeneratorImpl*)::{lambda()#1}::operator()() const::{lambda()#3}::operator()() const::{lambda(float)#1})::{lambda(hiprandStatePhilox4_32_10*)#2}, at::native::(anonymous namespace)::distribution_nullary_kernel<c10::Half, float, HIP_vector_type<float, 4u>, at::CUDAGeneratorImpl*, at::native::templates::cuda::normal_and_transform<c10::Half, float, at::CUDAGeneratorImpl*, at::native::templates::cuda::normal_kernel<at::CUDAGeneratorImpl*>(at::TensorBase const&, double, double, at::CUDAGeneratorImpl*)::{lambda()#1}::operator()() const::{lambda()#3}::operator()() const::{lambda(float)#1}>(at::TensorIteratorBase&, at::CUDAGeneratorImpl*, at::native::templates::cuda::normal_kernel<at::CUDAGeneratorImpl*>(at::TensorBase const&, double, double, at::CUDAGeneratorImpl*)::{lambda()#1}::operator()() const::{lambda()#3}::operator()() const::{lambda(float)#1})::{lambda(hiprandStatePhilox4_32_10*)#2}, at::native::templates::cuda::normal_kernel<at::CUDAGeneratorImpl*>(at::TensorBase const&, double, double, at::CUDAGeneratorImpl*)::{lambda()#1}::operator()() const::{lambda()#3}::operator()() const::{lambda(float)#1}>(at::TensorIteratorBase&, at::CUDAGeneratorImpl*, at::native::templates::cuda::normal_and_transform<c10::Half, float, at::CUDAGeneratorImpl*, at::native::templates::cuda::normal_kernel<at::CUDAGeneratorImpl*>(at::TensorBase const&, double, double, at::CUDAGeneratorImpl*)::{lambda()#1}::operator()() const::{lambda()#3}::operator()() const::{lambda(float)#1}>(at::TensorIteratorBase&, at::CUDAGeneratorImpl*, at::native::templates::cuda::normal_kernel<at::CUDAGeneratorImpl*>(at::TensorBase const&, double, double, at::CUDAGeneratorImpl*)::{lambda()#1}::operator()() const::{lambda()#3}::operator()() const::{lambda(float)#1})::{lambda(hiprandStatePhilox4_32_10*)#2} const&, at::native::templates::cuda::normal_kernel<at::CUDAGeneratorImpl*>(at::TensorBase const&, double, double, at::CUDAGeneratorImpl*)::{lambda()#1}::operator()() const::{lambda()#3}::operator()() const::{lambda(float)#1})::{lambda(int, float)#1}>(long, at::PhiloxCudaState, at::native::templates::cuda::normal_and_transform<c10::Half, float, at::CUDAGeneratorImpl*, at::native::templates::cuda::normal_kernel<at::CUDAGeneratorImpl*>(at::TensorBase const&, double, double, at::CUDAGeneratorImpl*)::{lambda()#1}::operator()() const::{lambda()#3}::operator()() const::{lambda(float)#1}>(at::TensorIteratorBase&, at::CUDAGeneratorImpl*, at::native::templates::cuda::normal_kernel<at::CUDAGeneratorImpl*>(at::TensorBase const&, double, double, at::CUDAGeneratorImpl*)::{lambda()#1}::operator()() const::{lambda()#3}::operator()() const::{lambda(float)#1})::{lambda(hiprandStatePhilox4_32_10*)#2}, at::native::(anonymous namespace)::distribution_nullary_kernel<c10::Half, float, HIP_vector_type<float, 4u>, at::CUDAGeneratorImpl*, at::native::templates::cuda::normal_and_transform<c10::Half, float, at::CUDAGeneratorImpl*, at::native::templates::cuda::normal_kernel<at::CUDAGeneratorImpl*>(at::TensorBase const&, double, double, at::CUDAGeneratorImpl*)::{lambda()#1}::operator()() const::{lambda()#3}::operator()() const::{lambda(float)#1}>(at::TensorIteratorBase&, at::CUDAGeneratorImpl*, at::native::templates::cuda::normal_kernel<at::CUDAGeneratorImpl*>(at::TensorBase const&, double, double, at::CUDAGeneratorImpl*)::{lambda()#1}::operator()() const::{lambda()#3}::operator()() const::{lambda(float)#1})::{lambda(hiprandStatePhilox4_32_10*)#2}, at::native::templates::cuda::normal_kernel<at::CUDAGeneratorImpl*>(at::TensorBase const&, double, double, at::CUDAGeneratorImpl*)::{lambda()#1}::operator()() const::{lambda()#3}::operator()() const::{lambda(float)#1}>(at::TensorIteratorBase&, at::CUDAGeneratorImpl*, at::native::templates::cuda::normal_and_transform<c10::Half, float, at::CUDAGeneratorImpl*, at::native::templates::cuda::normal_kernel<at::CUDAGeneratorImpl*>(at::TensorBase const&, double, double, at::CUDAGeneratorImpl*)::{lambda()#1}::operator()() const::{lambda()#3}::operator()() const::{lambda(float)#1}>(at::TensorIteratorBase&, at::CUDAGeneratorImpl*, at::native::templates::cuda::normal_kernel<at::CUDAGeneratorImpl*>(at::TensorBase const&, double, double, at::CUDAGeneratorImpl*)::{lambda()#1}::operator()() const::{lambda()#3}::operator()() const::{lambda(float)#1})::{lambda(hiprandStatePhilox4_32_10*)#2} const&, at::native::templates::cuda::normal_kernel<at::CUDAGeneratorImpl*>(at::TensorBase const&, double, double, at::CUDAGeneratorImpl*)::{lambda()#1}::operator()() const::{lambda()#3}::operator()() const::{lambda(float)#1})::{lambda(int, float)#1})",32,283409694788835,283409694793807,0,0,256,1,1,262144,1,1
"KERNEL_DISPATCH",7,3,348678,33,24,"void at::native::(anonymous namespace)::distribution_elementwise_grid_stride_kernel<float, 4, at::native::templates::cuda::normal_and_transform<c10::Half, float, at::CUDAGeneratorImpl*, at::native::templates::cuda::normal_kernel<at::CUDAGeneratorImpl*>(at::TensorBase const&, double, double, at::CUDAGeneratorImpl*)::{lambda()#1}::operator()() const::{lambda()#3}::operator()() const::{lambda(float)#1}>(at::TensorIteratorBase&, at::CUDAGeneratorImpl*, at::native::templates::cuda::normal_kernel<at::CUDAGeneratorImpl*>(at::TensorBase const&, double, double, at::CUDAGeneratorImpl*)::{lambda()#1}::operator()() const::{lambda()#3}::operator()() const::{lambda(float)#1})::{lambda(hiprandStatePhilox4_32_10*)#2}, at::native::(anonymous namespace)::distribution_nullary_kernel<c10::Half, float, HIP_vector_type<float, 4u>, at::CUDAGeneratorImpl*, at::native::templates::cuda::normal_and_transform<c10::Half, float, at::CUDAGeneratorImpl*, at::native::templates::cuda::normal_kernel<at::CUDAGeneratorImpl*>(at::TensorBase const&, double, double, at::CUDAGeneratorImpl*)::{lambda()#1}::operator()() const::{lambda()#3}::operator()() const::{lambda(float)#1}>(at::TensorIteratorBase&, at::CUDAGeneratorImpl*, at::native::templates::cuda::normal_kernel<at::CUDAGeneratorImpl*>(at::TensorBase const&, double, double, at::CUDAGeneratorImpl*)::{lambda()#1}::operator()() const::{lambda()#3}::operator()() const::{lambda(float)#1})::{lambda(hiprandStatePhilox4_32_10*)#2}, at::native::templates::cuda::normal_kernel<at::CUDAGeneratorImpl*>(at::TensorBase const&, double, double, at::CUDAGeneratorImpl*)::{lambda()#1}::operator()() const::{lambda()#3}::operator()() const::{lambda(float)#1}>(at::TensorIteratorBase&, at::CUDAGeneratorImpl*, at::native::templates::cuda::normal_and_transform<c10::Half, float, at::CUDAGeneratorImpl*, at::native::templates::cuda::normal_kernel<at::CUDAGeneratorImpl*>(at::TensorBase const&, double, double, at::CUDAGeneratorImpl*)::{lambda()#1}::operator()() const::{lambda()#3}::operator()() const::{lambda(float)#1}>(at::TensorIteratorBase&, at::CUDAGeneratorImpl*, at::native::templates::cuda::normal_kernel<at::CUDAGeneratorImpl*>(at::TensorBase const&, double, double, at::CUDAGeneratorImpl*)::{lambda()#1}::operator()() const::{lambda()#3}::operator()() const::{lambda(float)#1})::{lambda(hiprandStatePhilox4_32_10*)#2} const&, at::native::templates::cuda::normal_kernel<at::CUDAGeneratorImpl*>(at::TensorBase const&, double, double, at::CUDAGeneratorImpl*)::{lambda()#1}::operator()() const::{lambda()#3}::operator()() const::{lambda(float)#1})::{lambda(int, float)#1}>(long, at::PhiloxCudaState, at::native::templates::cuda::normal_and_transform<c10::Half, float, at::CUDAGeneratorImpl*, at::native::templates::cuda::normal_kernel<at::CUDAGeneratorImpl*>(at::TensorBase const&, double, double, at::CUDAGeneratorImpl*)::{lambda()#1}::operator()() const::{lambda()#3}::operator()() const::{lambda(float)#1}>(at::TensorIteratorBase&, at::CUDAGeneratorImpl*, at::native::templates::cuda::normal_kernel<at::CUDAGeneratorImpl*>(at::TensorBase const&, double, double, at::CUDAGeneratorImpl*)::{lambda()#1}::operator()() const::{lambda()#3}::operator()() const::{lambda(float)#1})::{lambda(hiprandStatePhilox4_32_10*)#2}, at::native::(anonymous namespace)::distribution_nullary_kernel<c10::Half, float, HIP_vector_type<float, 4u>, at::CUDAGeneratorImpl*, at::native::templates::cuda::normal_and_transform<c10::Half, float, at::CUDAGeneratorImpl*, at::native::templates::cuda::normal_kernel<at::CUDAGeneratorImpl*>(at::TensorBase const&, double, double, at::CUDAGeneratorImpl*)::{lambda()#1}::operator()() const::{lambda()#3}::operator()() const::{lambda(float)#1}>(at::TensorIteratorBase&, at::CUDAGeneratorImpl*, at::native::templates::cuda::normal_kernel<at::CUDAGeneratorImpl*>(at::TensorBase const&, double, double, at::CUDAGeneratorImpl*)::{lambda()#1}::operator()() const::{lambda()#3}::operator()() const::{lambda(float)#1})::{lambda(hiprandStatePhilox4_32_10*)#2}, at::native::templates::cuda::normal_kernel<at::CUDAGeneratorImpl*>(at::TensorBase const&, double, double, at::CUDAGeneratorImpl*)::{lambda()#1}::operator()() const::{lambda()#3}::operator()() const::{lambda(float)#1}>(at::TensorIteratorBase&, at::CUDAGeneratorImpl*, at::native::templates::cuda::normal_and_transform<c10::Half, float, at::CUDAGeneratorImpl*, at::native::templates::cuda::normal_kernel<at::CUDAGeneratorImpl*>(at::TensorBase const&, double, double, at::CUDAGeneratorImpl*)::{lambda()#1}::operator()() const::{lambda()#3}::operator()() const::{lambda(float)#1}>(at::TensorIteratorBase&, at::CUDAGeneratorImpl*, at::native::templates::cuda::normal_kernel<at::CUDAGeneratorImpl*>(at::TensorBase const&, double, double, at::CUDAGeneratorImpl*)::{lambda()#1}::operator()() const::{lambda()#3}::operator()() const::{lambda(float)#1})::{lambda(hiprandStatePhilox4_32_10*)#2} const&, at::native::templates::cuda::normal_kernel<at::CUDAGeneratorImpl*>(at::TensorBase const&, double, double, at::CUDAGeneratorImpl*)::{lambda()#1}::operator()() const::{lambda()#3}::operator()() const::{lambda(float)#1})::{lambda(int, float)#1})",33,283409694793807,283409694798858,0,0,256,1,1,262144,1,1
"KERNEL_DISPATCH",7,3,348678,34,24,"void at::native::(anonymous namespace)::distribution_elementwise_grid_stride_kernel<float, 4, at::native::templates::cuda::normal_and_transform<c10::Half, float, at::CUDAGeneratorImpl*, at::native::templates::cuda::normal_kernel<at::CUDAGeneratorImpl*>(at::TensorBase const&, double, double, at::CUDAGeneratorImpl*)::{lambda()#1}::operator()() const::{lambda()#3}::operator()() const::{lambda(float)#1}>(at::TensorIteratorBase&, at::CUDAGeneratorImpl*, at::native::templates::cuda::normal_kernel<at::CUDAGeneratorImpl*>(at::TensorBase const&, double, double, at::CUDAGeneratorImpl*)::{lambda()#1}::operator()() const::{lambda()#3}::operator()() const::{lambda(float)#1})::{lambda(hiprandStatePhilox4_32_10*)#2}, at::native::(anonymous namespace)::distribution_nullary_kernel<c10::Half, float, HIP_vector_type<float, 4u>, at::CUDAGeneratorImpl*, at::native::templates::cuda::normal_and_transform<c10::Half, float, at::CUDAGeneratorImpl*, at::native::templates::cuda::normal_kernel<at::CUDAGeneratorImpl*>(at::TensorBase const&, double, double, at::CUDAGeneratorImpl*)::{lambda()#1}::operator()() const::{lambda()#3}::operator()() const::{lambda(float)#1}>(at::TensorIteratorBase&, at::CUDAGeneratorImpl*, at::native::templates::cuda::normal_kernel<at::CUDAGeneratorImpl*>(at::TensorBase const&, double, double, at::CUDAGeneratorImpl*)::{lambda()#1}::operator()() const::{lambda()#3}::operator()() const::{lambda(float)#1})::{lambda(hiprandStatePhilox4_32_10*)#2}, at::native::templates::cuda::normal_kernel<at::CUDAGeneratorImpl*>(at::TensorBase const&, double, double, at::CUDAGeneratorImpl*)::{lambda()#1}::operator()() const::{lambda()#3}::operator()() const::{lambda(float)#1}>(at::TensorIteratorBase&, at::CUDAGeneratorImpl*, at::native::templates::cuda::normal_and_transform<c10::Half, float, at::CUDAGeneratorImpl*, at::native::templates::cuda::normal_kernel<at::CUDAGeneratorImpl*>(at::TensorBase const&, double, double, at::CUDAGeneratorImpl*)::{lambda()#1}::operator()() const::{lambda()#3}::operator()() const::{lambda(float)#1}>(at::TensorIteratorBase&, at::CUDAGeneratorImpl*, at::native::templates::cuda::normal_kernel<at::CUDAGeneratorImpl*>(at::TensorBase const&, double, double, at::CUDAGeneratorImpl*)::{lambda()#1}::operator()() const::{lambda()#3}::operator()() const::{lambda(float)#1})::{lambda(hiprandStatePhilox4_32_10*)#2} const&, at::native::templates::cuda::normal_kernel<at::CUDAGeneratorImpl*>(at::TensorBase const&, double, double, at::CUDAGeneratorImpl*)::{lambda()#1}::operator()() const::{lambda()#3}::operator()() const::{lambda(float)#1})::{lambda(int, float)#1}>(long, at::PhiloxCudaState, at::native::templates::cuda::normal_and_transform<c10::Half, float, at::CUDAGeneratorImpl*, at::native::templates::cuda::normal_kernel<at::CUDAGeneratorImpl*>(at::TensorBase const&, double, double, at::CUDAGeneratorImpl*)::{lambda()#1}::operator()() const::{lambda()#3}::operator()() const::{lambda(float)#1}>(at::TensorIteratorBase&, at::CUDAGeneratorImpl*, at::native::templates::cuda::normal_kernel<at::CUDAGeneratorImpl*>(at::TensorBase const&, double, double, at::CUDAGeneratorImpl*)::{lambda()#1}::operator()() const::{lambda()#3}::operator()() const::{lambda(float)#1})::{lambda(hiprandStatePhilox4_32_10*)#2}, at::native::(anonymous namespace)::distribution_nullary_kernel<c10::Half, float, HIP_vector_type<float, 4u>, at::CUDAGeneratorImpl*, at::native::templates::cuda::normal_and_transform<c10::Half, float, at::CUDAGeneratorImpl*, at::native::templates::cuda::normal_kernel<at::CUDAGeneratorImpl*>(at::TensorBase const&, double, double, at::CUDAGeneratorImpl*)::{lambda()#1}::operator()() const::{lambda()#3}::operator()() const::{lambda(float)#1}>(at::TensorIteratorBase&, at::CUDAGeneratorImpl*, at::native::templates::cuda::normal_kernel<at::CUDAGeneratorImpl*>(at::TensorBase const&, double, double, at::CUDAGeneratorImpl*)::{lambda()#1}::operator()() const::{lambda()#3}::operator()() const::{lambda(float)#1})::{lambda(hiprandStatePhilox4_32_10*)#2}, at::native::templates::cuda::normal_kernel<at::CUDAGeneratorImpl*>(at::TensorBase const&, double, double, at::CUDAGeneratorImpl*)::{lambda()#1}::operator()() const::{lambda()#3}::operator()() const::{lambda(float)#1}>(at::TensorIteratorBase&, at::CUDAGeneratorImpl*, at::native::templates::cuda::normal_and_transform<c10::Half, float, at::CUDAGeneratorImpl*, at::native::templates::cuda::normal_kernel<at::CUDAGeneratorImpl*>(at::TensorBase const&, double, double, at::CUDAGeneratorImpl*)::{lambda()#1}::operator()() const::{lambda()#3}::operator()() const::{lambda(float)#1}>(at::TensorIteratorBase&, at::CUDAGeneratorImpl*, at::native::templates::cuda::normal_kernel<at::CUDAGeneratorImpl*>(at::TensorBase const&, double, double, at::CUDAGeneratorImpl*)::{lambda()#1}::operator()() const::{lambda()#3}::operator()() const::{lambda(float)#1})::{lambda(hiprandStatePhilox4_32_10*)#2} const&, at::native::templates::cuda::normal_kernel<at::CUDAGeneratorImpl*>(at::TensorBase const&, double, double, at::CUDAGeneratorImpl*)::{lambda()#1}::operator()() const::{lambda()#3}::operator()() const::{lambda(float)#1})::{lambda(int, float)#1})",34,283409694798858,283409694804391,0,0,256,1,1,524288,1,1
"KERNEL_DISPATCH",7,3,348678,35,24,"void at::native::(anonymous namespace)::distribution_elementwise_grid_stride_kernel<float, 4, at::native::templates::cuda::normal_and_transform<c10::Half, float, at::CUDAGeneratorImpl*, at::native::templates::cuda::normal_kernel<at::CUDAGeneratorImpl*>(at::TensorBase const&, double, double, at::CUDAGeneratorImpl*)::{lambda()#1}::operator()() const::{lambda()#3}::operator()() const::{lambda(float)#1}>(at::TensorIteratorBase&, at::CUDAGeneratorImpl*, at::native::templates::cuda::normal_kernel<at::CUDAGeneratorImpl*>(at::TensorBase const&, double, double, at::CUDAGeneratorImpl*)::{lambda()#1}::operator()() const::{lambda()#3}::operator()() const::{lambda(float)#1})::{lambda(hiprandStatePhilox4_32_10*)#2}, at::native::(anonymous namespace)::distribution_nullary_kernel<c10::Half, float, HIP_vector_type<float, 4u>, at::CUDAGeneratorImpl*, at::native::templates::cuda::normal_and_transform<c10::Half, float, at::CUDAGeneratorImpl*, at::native::templates::cuda::normal_kernel<at::CUDAGeneratorImpl*>(at::TensorBase const&, double, double, at::CUDAGeneratorImpl*)::{lambda()#1}::operator()() const::{lambda()#3}::operator()() const::{lambda(float)#1}>(at::TensorIteratorBase&, at::CUDAGeneratorImpl*, at::native::templates::cuda::normal_kernel<at::CUDAGeneratorImpl*>(at::TensorBase const&, double, double, at::CUDAGeneratorImpl*)::{lambda()#1}::operator()() const::{lambda()#3}::operator()() const::{lambda(float)#1})::{lambda(hiprandStatePhilox4_32_10*)#2}, at::native::templates::cuda::normal_kernel<at::CUDAGeneratorImpl*>(at::TensorBase const&, double, double, at::CUDAGeneratorImpl*)::{lambda()#1}::operator()() const::{lambda()#3}::operator()() const::{lambda(float)#1}>(at::TensorIteratorBase&, at::CUDAGeneratorImpl*, at::native::templates::cuda::normal_and_transform<c10::Half, float, at::CUDAGeneratorImpl*, at::native::templates::cuda::normal_kernel<at::CUDAGeneratorImpl*>(at::TensorBase const&, double, double, at::CUDAGeneratorImpl*)::{lambda()#1}::operator()() const::{lambda()#3}::operator()() const::{lambda(float)#1}>(at::TensorIteratorBase&, at::CUDAGeneratorImpl*, at::native::templates::cuda::normal_kernel<at::CUDAGeneratorImpl*>(at::TensorBase const&, double, double, at::CUDAGeneratorImpl*)::{lambda()#1}::operator()() const::{lambda()#3}::operator()() const::{lambda(float)#1})::{lambda(hiprandStatePhilox4_32_10*)#2} const&, at::native::templates::cuda::normal_kernel<at::CUDAGeneratorImpl*>(at::TensorBase const&, double, double, at::CUDAGeneratorImpl*)::{lambda()#1}::operator()() const::{lambda()#3}::operator()() const::{lambda(float)#1})::{lambda(int, float)#1}>(long, at::PhiloxCudaState, at::native::templates::cuda::normal_and_transform<c10::Half, float, at::CUDAGeneratorImpl*, at::native::templates::cuda::normal_kernel<at::CUDAGeneratorImpl*>(at::TensorBase const&, double, double, at::CUDAGeneratorImpl*)::{lambda()#1}::operator()() const::{lambda()#3}::operator()() const::{lambda(float)#1}>(at::TensorIteratorBase&, at::CUDAGeneratorImpl*, at::native::templates::cuda::normal_kernel<at::CUDAGeneratorImpl*>(at::TensorBase const&, double, double, at::CUDAGeneratorImpl*)::{lambda()#1}::operator()() const::{lambda()#3}::operator()() const::{lambda(float)#1})::{lambda(hiprandStatePhilox4_32_10*)#2}, at::native::(anonymous namespace)::distribution_nullary_kernel<c10::Half, float, HIP_vector_type<float, 4u>, at::CUDAGeneratorImpl*, at::native::templates::cuda::normal_and_transform<c10::Half, float, at::CUDAGeneratorImpl*, at::native::templates::cuda::normal_kernel<at::CUDAGeneratorImpl*>(at::TensorBase const&, double, double, at::CUDAGeneratorImpl*)::{lambda()#1}::operator()() const::{lambda()#3}::operator()() const::{lambda(float)#1}>(at::TensorIteratorBase&, at::CUDAGeneratorImpl*, at::native::templates::cuda::normal_kernel<at::CUDAGeneratorImpl*>(at::TensorBase const&, double, double, at::CUDAGeneratorImpl*)::{lambda()#1}::operator()() const::{lambda()#3}::operator()() const::{lambda(float)#1})::{lambda(hiprandStatePhilox4_32_10*)#2}, at::native::templates::cuda::normal_kernel<at::CUDAGeneratorImpl*>(at::TensorBase const&, double, double, at::CUDAGeneratorImpl*)::{lambda()#1}::operator()() const::{lambda()#3}::operator()() const::{lambda(float)#1}>(at::TensorIteratorBase&, at::CUDAGeneratorImpl*, at::native::templates::cuda::normal_and_transform<c10::Half, float, at::CUDAGeneratorImpl*, at::native::templates::cuda::normal_kernel<at::CUDAGeneratorImpl*>(at::TensorBase const&, double, double, at::CUDAGeneratorImpl*)::{lambda()#1}::operator()() const::{lambda()#3}::operator()() const::{lambda(float)#1}>(at::TensorIteratorBase&, at::CUDAGeneratorImpl*, at::native::templates::cuda::normal_kernel<at::CUDAGeneratorImpl*>(at::TensorBase const&, double, double, at::CUDAGeneratorImpl*)::{lambda()#1}::operator()() const::{lambda()#3}::operator()() const::{lambda(float)#1})::{lambda(hiprandStatePhilox4_32_10*)#2} const&, at::native::templates::cuda::normal_kernel<at::CUDAGeneratorImpl*>(at::TensorBase const&, double, double, at::CUDAGeneratorImpl*)::{lambda()#1}::operator()() const::{lambda()#3}::operator()() const::{lambda(float)#1})::{lambda(int, float)#1})",35,283409694804391,283409694859798,0,0,256,1,1,622592,1,1
"KERNEL_DISPATCH",7,3,348678,36,24,"void at::native::(anonymous namespace)::distribution_elementwise_grid_stride_kernel<float, 4, at::native::templates::cuda::normal_and_transform<c10::Half, float, at::CUDAGeneratorImpl*, at::native::templates::cuda::normal_kernel<at::CUDAGeneratorImpl*>(at::TensorBase const&, double, double, at::CUDAGeneratorImpl*)::{lambda()#1}::operator()() const::{lambda()#3}::operator()() const::{lambda(float)#1}>(at::TensorIteratorBase&, at::CUDAGeneratorImpl*, at::native::templates::cuda::normal_kernel<at::CUDAGeneratorImpl*>(at::TensorBase const&, double, double, at::CUDAGeneratorImpl*)::{lambda()#1}::operator()() const::{lambda()#3}::operator()() const::{lambda(float)#1})::{lambda(hiprandStatePhilox4_32_10*)#2}, at::native::(anonymous namespace)::distribution_nullary_kernel<c10::Half, float, HIP_vector_type<float, 4u>, at::CUDAGeneratorImpl*, at::native::templates::cuda::normal_and_transform<c10::Half, float, at::CUDAGeneratorImpl*, at::native::templates::cuda::normal_kernel<at::CUDAGeneratorImpl*>(at::TensorBase const&, double, double, at::CUDAGeneratorImpl*)::{lambda()#1}::operator()() const::{lambda()#3}::operator()() const::{lambda(float)#1}>(at::TensorIteratorBase&, at::CUDAGeneratorImpl*, at::native::templates::cuda::normal_kernel<at::CUDAGeneratorImpl*>(at::TensorBase const&, double, double, at::CUDAGeneratorImpl*)::{lambda()#1}::operator()() const::{lambda()#3}::operator()() const::{lambda(float)#1})::{lambda(hiprandStatePhilox4_32_10*)#2}, at::native::templates::cuda::normal_kernel<at::CUDAGeneratorImpl*>(at::TensorBase const&, double, double, at::CUDAGeneratorImpl*)::{lambda()#1}::operator()() const::{lambda()#3}::operator()() const::{lambda(float)#1}>(at::TensorIteratorBase&, at::CUDAGeneratorImpl*, at::native::templates::cuda::normal_and_transform<c10::Half, float, at::CUDAGeneratorImpl*, at::native::templates::cuda::normal_kernel<at::CUDAGeneratorImpl*>(at::TensorBase const&, double, double, at::CUDAGeneratorImpl*)::{lambda()#1}::operator()() const::{lambda()#3}::operator()() const::{lambda(float)#1}>(at::TensorIteratorBase&, at::CUDAGeneratorImpl*, at::native::templates::cuda::normal_kernel<at::CUDAGeneratorImpl*>(at::TensorBase const&, double, double, at::CUDAGeneratorImpl*)::{lambda()#1}::operator()() const::{lambda()#3}::operator()() const::{lambda(float)#1})::{lambda(hiprandStatePhilox4_32_10*)#2} const&, at::native::templates::cuda::normal_kernel<at::CUDAGeneratorImpl*>(at::TensorBase const&, double, double, at::CUDAGeneratorImpl*)::{lambda()#1}::operator()() const::{lambda()#3}::operator()() const::{lambda(float)#1})::{lambda(int, float)#1}>(long, at::PhiloxCudaState, at::native::templates::cuda::normal_and_transform<c10::Half, float, at::CUDAGeneratorImpl*, at::native::templates::cuda::normal_kernel<at::CUDAGeneratorImpl*>(at::TensorBase const&, double, double, at::CUDAGeneratorImpl*)::{lambda()#1}::operator()() const::{lambda()#3}::operator()() const::{lambda(float)#1}>(at::TensorIteratorBase&, at::CUDAGeneratorImpl*, at::native::templates::cuda::normal_kernel<at::CUDAGeneratorImpl*>(at::TensorBase const&, double, double, at::CUDAGeneratorImpl*)::{lambda()#1}::operator()() const::{lambda()#3}::operator()() const::{lambda(float)#1})::{lambda(hiprandStatePhilox4_32_10*)#2}, at::native::(anonymous namespace)::distribution_nullary_kernel<c10::Half, float, HIP_vector_type<float, 4u>, at::CUDAGeneratorImpl*, at::native::templates::cuda::normal_and_transform<c10::Half, float, at::CUDAGeneratorImpl*, at::native::templates::cuda::normal_kernel<at::CUDAGeneratorImpl*>(at::TensorBase const&, double, double, at::CUDAGeneratorImpl*)::{lambda()#1}::operator()() const::{lambda()#3}::operator()() const::{lambda(float)#1}>(at::TensorIteratorBase&, at::CUDAGeneratorImpl*, at::native::templates::cuda::normal_kernel<at::CUDAGeneratorImpl*>(at::TensorBase const&, double, double, at::CUDAGeneratorImpl*)::{lambda()#1}::operator()() const::{lambda()#3}::operator()() const::{lambda(float)#1})::{lambda(hiprandStatePhilox4_32_10*)#2}, at::native::templates::cuda::normal_kernel<at::CUDAGeneratorImpl*>(at::TensorBase const&, double, double, at::CUDAGeneratorImpl*)::{lambda()#1}::operator()() const::{lambda()#3}::operator()() const::{lambda(float)#1}>(at::TensorIteratorBase&, at::CUDAGeneratorImpl*, at::native::templates::cuda::normal_and_transform<c10::Half, float, at::CUDAGeneratorImpl*, at::native::templates::cuda::normal_kernel<at::CUDAGeneratorImpl*>(at::TensorBase const&, double, double, at::CUDAGeneratorImpl*)::{lambda()#1}::operator()() const::{lambda()#3}::operator()() const::{lambda(float)#1}>(at::TensorIteratorBase&, at::CUDAGeneratorImpl*, at::native::templates::cuda::normal_kernel<at::CUDAGeneratorImpl*>(at::TensorBase const&, double, double, at::CUDAGeneratorImpl*)::{lambda()#1}::operator()() const::{lambda()#3}::operator()() const::{lambda(float)#1})::{lambda(hiprandStatePhilox4_32_10*)#2} const&, at::native::templates::cuda::normal_kernel<at::CUDAGeneratorImpl*>(at::TensorBase const&, double, double, at::CUDAGeneratorImpl*)::{lambda()#1}::operator()() const::{lambda()#3}::operator()() const::{lambda(float)#1})::{lambda(int, float)#1})",36,283409694859772,283409694915299,0,0,256,1,1,622592,1,1
"KERNEL_DISPATCH",7,3,348678,37,77,"void (anonymous namespace)::elementwise_kernel_with_index<int, at::native::arange_cuda_out(c10::Scalar const&, c10::Scalar const&, c10::Scalar const&, at::Tensor&)::{lambda()#1}::operator()() const::{lambda()#3}::operator()() const::{lambda(long)#1}>(int, at::native::arange_cuda_out(c10::Scalar const&, c10::Scalar const&, c10::Scalar const&, at::Tensor&)::{lambda()#1}::operator()() const::{lambda()#3}::operator()() const::{lambda(long)#1}, function_traits<at::native::arange_cuda_out(c10::Scalar const&, c10::Scalar const&, c10::Scalar const&, at::Tensor&)::{lambda()#1}::operator()() const::{lambda()#3}::operator()() const::{lambda(long)#1}>::result_type*)",37,283409699480711,283409699482796,0,0,128,1,1,128,1,1
"KERNEL_DISPATCH",7,3,348678,38,77,"void (anonymous namespace)::elementwise_kernel_with_index<int, at::native::arange_cuda_out(c10::Scalar const&, c10::Scalar const&, c10::Scalar const&, at::Tensor&)::{lambda()#1}::operator()() const::{lambda()#3}::operator()() const::{lambda(long)#1}>(int, at::native::arange_cuda_out(c10::Scalar const&, c10::Scalar const&, c10::Scalar const&, at::Tensor&)::{lambda()#1}::operator()() const::{lambda()#3}::operator()() const::{lambda(long)#1}, function_traits<at::native::arange_cuda_out(c10::Scalar const&, c10::Scalar const&, c10::Scalar const&, at::Tensor&)::{lambda()#1}::operator()() const::{lambda()#3}::operator()() const::{lambda(long)#1}>::result_type*)",38,283409699531988,283409699533792,0,0,128,1,1,128,1,1
"KERNEL_DISPATCH",7,3,348678,39,203,"void at::native::vectorized_elementwise_kernel<4, at::native::FillFunctor<int>, std::array<char*, 1ul> >(int, at::native::FillFunctor<int>, std::array<char*, 1ul>)",39,283409707512629,283409707514112,0,0,256,1,1,256,1,1
"KERNEL_DISPATCH",7,3,348678,40,203,"void at::native::vectorized_elementwise_kernel<4, at::native::FillFunctor<int>, std::array<char*, 1ul> >(int, at::native::FillFunctor<int>, std::array<char*, 1ul>)",40,283409707564467,283409707566352,0,0,256,1,1,256,1,1
"KERNEL_DISPATCH",7,3,348678,41,77,"void (anonymous namespace)::elementwise_kernel_with_index<int, at::native::arange_cuda_out(c10::Scalar const&, c10::Scalar const&, c10::Scalar const&, at::Tensor&)::{lambda()#1}::operator()() const::{lambda()#3}::operator()() const::{lambda(long)#1}>(int, at::native::arange_cuda_out(c10::Scalar const&, c10::Scalar const&, c10::Scalar const&, at::Tensor&)::{lambda()#1}::operator()() const::{lambda()#3}::operator()() const::{lambda(long)#1}, function_traits<at::native::arange_cuda_out(c10::Scalar const&, c10::Scalar const&, c10::Scalar const&, at::Tensor&)::{lambda()#1}::operator()() const::{lambda()#3}::operator()() const::{lambda(long)#1}>::result_type*)",41,283409707589765,283409707591569,0,0,128,1,1,128,1,1
"KERNEL_DISPATCH",7,3,348678,42,77,"void (anonymous namespace)::elementwise_kernel_with_index<int, at::native::arange_cuda_out(c10::Scalar const&, c10::Scalar const&, c10::Scalar const&, at::Tensor&)::{lambda()#1}::operator()() const::{lambda()#3}::operator()() const::{lambda(long)#1}>(int, at::native::arange_cuda_out(c10::Scalar const&, c10::Scalar const&, c10::Scalar const&, at::Tensor&)::{lambda()#1}::operator()() const::{lambda()#3}::operator()() const::{lambda(long)#1}, function_traits<at::native::arange_cuda_out(c10::Scalar const&, c10::Scalar const&, c10::Scalar const&, at::Tensor&)::{lambda()#1}::operator()() const::{lambda()#3}::operator()() const::{lambda(long)#1}>::result_type*)",42,283409707647056,283409707649141,0,0,128,1,1,128,1,1
"KERNEL_DISPATCH",7,2,348678,43,273,"kernel_unified_attention_2d",43,283411518287455,283411519518031,0,20480,256,1,1,24576,8,1
"KERNEL_DISPATCH",7,1,348678,44,274,"kernel_unified_attention_2d",44,283412997989571,283412998063701,0,20480,256,1,1,33024,8,1
"KERNEL_DISPATCH",7,1,348678,46,274,"kernel_unified_attention_2d",46,283412998449823,283412998522069,0,20480,256,1,1,33024,8,1
"KERNEL_DISPATCH",7,2,348678,45,273,"kernel_unified_attention_2d",45,283412998332355,283412999567781,0,20480,256,1,1,24576,8,1
"KERNEL_DISPATCH",7,1,348678,48,274,"kernel_unified_attention_2d",48,283412999789930,283412999878412,0,20480,256,1,1,33024,8,1
"KERNEL_DISPATCH",7,2,348678,47,273,"kernel_unified_attention_2d",47,283412999691264,283413000980414,0,20480,256,1,1,24576,8,1
"KERNEL_DISPATCH",7,1,348678,50,274,"kernel_unified_attention_2d",50,283413001183879,283413001272241,0,20480,256,1,1,33024,8,1
"KERNEL_DISPATCH",7,2,348678,49,273,"kernel_unified_attention_2d",49,283413001089062,283413002357364,0,20480,256,1,1,24576,8,1
"KERNEL_DISPATCH",7,1,348678,52,274,"kernel_unified_attention_2d",52,283413002545515,283413002633636,0,20480,256,1,1,33024,8,1
"KERNEL_DISPATCH",7,2,348678,51,273,"kernel_unified_attention_2d",51,283413002461523,283413003721886,0,20480,256,1,1,24576,8,1
