"Kind","Agent_Id","Queue_Id","Thread_Id","Dispatch_Id","Kernel_Id","Kernel_Name","Correlation_Id","Start_Timestamp","End_Timestamp","Private_Segment_Size","Group_Segment_Size","Workgroup_Size_X","Workgroup_Size_Y","Workgroup_Size_Z","Grid_Size_X","Grid_Size_Y","Grid_Size_Z"
"KERNEL_DISPATCH",7,3,164043,1,26,"void at::native::(anonymous namespace)::distribution_elementwise_grid_stride_kernel<float, 4, at::native::templates::cuda::normal_and_transform<c10::Half, float, at::CUDAGeneratorImpl*, at::native::templates::cuda::normal_kernel<at::CUDAGeneratorImpl*>(at::TensorBase const&, double, double, at::CUDAGeneratorImpl*)::{lambda()#1}::operator()() const::{lambda()#3}::operator()() const::{lambda(float)#1}>(at::TensorIteratorBase&, at::CUDAGeneratorImpl*, at::native::templates::cuda::normal_kernel<at::CUDAGeneratorImpl*>(at::TensorBase const&, double, double, at::CUDAGeneratorImpl*)::{lambda()#1}::operator()() const::{lambda()#3}::operator()() const::{lambda(float)#1})::{lambda(hiprandStatePhilox4_32_10*)#2}, at::native::(anonymous namespace)::distribution_nullary_kernel<c10::Half, float, HIP_vector_type<float, 4u>, at::CUDAGeneratorImpl*, at::native::templates::cuda::normal_and_transform<c10::Half, float, at::CUDAGeneratorImpl*, at::native::templates::cuda::normal_kernel<at::CUDAGeneratorImpl*>(at::TensorBase const&, double, double, at::CUDAGeneratorImpl*)::{lambda()#1}::operator()() const::{lambda()#3}::operator()() const::{lambda(float)#1}>(at::TensorIteratorBase&, at::CUDAGeneratorImpl*, at::native::templates::cuda::normal_kernel<at::CUDAGeneratorImpl*>(at::TensorBase const&, double, double, at::CUDAGeneratorImpl*)::{lambda()#1}::operator()() const::{lambda()#3}::operator()() const::{lambda(float)#1})::{lambda(hiprandStatePhilox4_32_10*)#2}, at::native::templates::cuda::normal_kernel<at::CUDAGeneratorImpl*>(at::TensorBase const&, double, double, at::CUDAGeneratorImpl*)::{lambda()#1}::operator()() const::{lambda()#3}::operator()() const::{lambda(float)#1}>(at::TensorIteratorBase&, at::CUDAGeneratorImpl*, at::native::templates::cuda::normal_and_transform<c10::Half, float, at::CUDAGeneratorImpl*, at::native::templates::cuda::normal_kernel<at::CUDAGeneratorImpl*>(at::TensorBase const&, double, double, at::CUDAGeneratorImpl*)::{lambda()#1}::operator()() const::{lambda()#3}::operator()() const::{lambda(float)#1}>(at::TensorIteratorBase&, at::CUDAGeneratorImpl*, at::native::templates::cuda::normal_kernel<at::CUDAGeneratorImpl*>(at::TensorBase const&, double, double, at::CUDAGeneratorImpl*)::{lambda()#1}::operator()() const::{lambda()#3}::operator()() const::{lambda(float)#1})::{lambda(hiprandStatePhilox4_32_10*)#2} const&, at::native::templates::cuda::normal_kernel<at::CUDAGeneratorImpl*>(at::TensorBase const&, double, double, at::CUDAGeneratorImpl*)::{lambda()#1}::operator()() const::{lambda()#3}::operator()() const::{lambda(float)#1})::{lambda(int, float)#1}>(long, at::PhiloxCudaState, at::native::templates::cuda::normal_and_transform<c10::Half, float, at::CUDAGeneratorImpl*, at::native::templates::cuda::normal_kernel<at::CUDAGeneratorImpl*>(at::TensorBase const&, double, double, at::CUDAGeneratorImpl*)::{lambda()#1}::operator()() const::{lambda()#3}::operator()() const::{lambda(float)#1}>(at::TensorIteratorBase&, at::CUDAGeneratorImpl*, at::native::templates::cuda::normal_kernel<at::CUDAGeneratorImpl*>(at::TensorBase const&, double, double, at::CUDAGeneratorImpl*)::{lambda()#1}::operator()() const::{lambda()#3}::operator()() const::{lambda(float)#1})::{lambda(hiprandStatePhilox4_32_10*)#2}, at::native::(anonymous namespace)::distribution_nullary_kernel<c10::Half, float, HIP_vector_type<float, 4u>, at::CUDAGeneratorImpl*, at::native::templates::cuda::normal_and_transform<c10::Half, float, at::CUDAGeneratorImpl*, at::native::templates::cuda::normal_kernel<at::CUDAGeneratorImpl*>(at::TensorBase const&, double, double, at::CUDAGeneratorImpl*)::{lambda()#1}::operator()() const::{lambda()#3}::operator()() const::{lambda(float)#1}>(at::TensorIteratorBase&, at::CUDAGeneratorImpl*, at::native::templates::cuda::normal_kernel<at::CUDAGeneratorImpl*>(at::TensorBase const&, double, double, at::CUDAGeneratorImpl*)::{lambda()#1}::operator()() const::{lambda()#3}::operator()() const::{lambda(float)#1})::{lambda(hiprandStatePhilox4_32_10*)#2}, at::native::templates::cuda::normal_kernel<at::CUDAGeneratorImpl*>(at::TensorBase const&, double, double, at::CUDAGeneratorImpl*)::{lambda()#1}::operator()() const::{lambda()#3}::operator()() const::{lambda(float)#1}>(at::TensorIteratorBase&, at::CUDAGeneratorImpl*, at::native::templates::cuda::normal_and_transform<c10::Half, float, at::CUDAGeneratorImpl*, at::native::templates::cuda::normal_kernel<at::CUDAGeneratorImpl*>(at::TensorBase const&, double, double, at::CUDAGeneratorImpl*)::{lambda()#1}::operator()() const::{lambda()#3}::operator()() const::{lambda(float)#1}>(at::TensorIteratorBase&, at::CUDAGeneratorImpl*, at::native::templates::cuda::normal_kernel<at::CUDAGeneratorImpl*>(at::TensorBase const&, double, double, at::CUDAGeneratorImpl*)::{lambda()#1}::operator()() const::{lambda()#3}::operator()() const::{lambda(float)#1})::{lambda(hiprandStatePhilox4_32_10*)#2} const&, at::native::templates::cuda::normal_kernel<at::CUDAGeneratorImpl*>(at::TensorBase const&, double, double, at::CUDAGeneratorImpl*)::{lambda()#1}::operator()() const::{lambda()#3}::operator()() const::{lambda(float)#1})::{lambda(int, float)#1})",1,474292222578245,474292222638703,0,0,256,1,1,622592,1,1
"KERNEL_DISPATCH",7,3,164043,2,26,"void at::native::(anonymous namespace)::distribution_elementwise_grid_stride_kernel<float, 4, at::native::templates::cuda::normal_and_transform<c10::Half, float, at::CUDAGeneratorImpl*, at::native::templates::cuda::normal_kernel<at::CUDAGeneratorImpl*>(at::TensorBase const&, double, double, at::CUDAGeneratorImpl*)::{lambda()#1}::operator()() const::{lambda()#3}::operator()() const::{lambda(float)#1}>(at::TensorIteratorBase&, at::CUDAGeneratorImpl*, at::native::templates::cuda::normal_kernel<at::CUDAGeneratorImpl*>(at::TensorBase const&, double, double, at::CUDAGeneratorImpl*)::{lambda()#1}::operator()() const::{lambda()#3}::operator()() const::{lambda(float)#1})::{lambda(hiprandStatePhilox4_32_10*)#2}, at::native::(anonymous namespace)::distribution_nullary_kernel<c10::Half, float, HIP_vector_type<float, 4u>, at::CUDAGeneratorImpl*, at::native::templates::cuda::normal_and_transform<c10::Half, float, at::CUDAGeneratorImpl*, at::native::templates::cuda::normal_kernel<at::CUDAGeneratorImpl*>(at::TensorBase const&, double, double, at::CUDAGeneratorImpl*)::{lambda()#1}::operator()() const::{lambda()#3}::operator()() const::{lambda(float)#1}>(at::TensorIteratorBase&, at::CUDAGeneratorImpl*, at::native::templates::cuda::normal_kernel<at::CUDAGeneratorImpl*>(at::TensorBase const&, double, double, at::CUDAGeneratorImpl*)::{lambda()#1}::operator()() const::{lambda()#3}::operator()() const::{lambda(float)#1})::{lambda(hiprandStatePhilox4_32_10*)#2}, at::native::templates::cuda::normal_kernel<at::CUDAGeneratorImpl*>(at::TensorBase const&, double, double, at::CUDAGeneratorImpl*)::{lambda()#1}::operator()() const::{lambda()#3}::operator()() const::{lambda(float)#1}>(at::TensorIteratorBase&, at::CUDAGeneratorImpl*, at::native::templates::cuda::normal_and_transform<c10::Half, float, at::CUDAGeneratorImpl*, at::native::templates::cuda::normal_kernel<at::CUDAGeneratorImpl*>(at::TensorBase const&, double, double, at::CUDAGeneratorImpl*)::{lambda()#1}::operator()() const::{lambda()#3}::operator()() const::{lambda(float)#1}>(at::TensorIteratorBase&, at::CUDAGeneratorImpl*, at::native::templates::cuda::normal_kernel<at::CUDAGeneratorImpl*>(at::TensorBase const&, double, double, at::CUDAGeneratorImpl*)::{lambda()#1}::operator()() const::{lambda()#3}::operator()() const::{lambda(float)#1})::{lambda(hiprandStatePhilox4_32_10*)#2} const&, at::native::templates::cuda::normal_kernel<at::CUDAGeneratorImpl*>(at::TensorBase const&, double, double, at::CUDAGeneratorImpl*)::{lambda()#1}::operator()() const::{lambda()#3}::operator()() const::{lambda(float)#1})::{lambda(int, float)#1}>(long, at::PhiloxCudaState, at::native::templates::cuda::normal_and_transform<c10::Half, float, at::CUDAGeneratorImpl*, at::native::templates::cuda::normal_kernel<at::CUDAGeneratorImpl*>(at::TensorBase const&, double, double, at::CUDAGeneratorImpl*)::{lambda()#1}::operator()() const::{lambda()#3}::operator()() const::{lambda(float)#1}>(at::TensorIteratorBase&, at::CUDAGeneratorImpl*, at::native::templates::cuda::normal_kernel<at::CUDAGeneratorImpl*>(at::TensorBase const&, double, double, at::CUDAGeneratorImpl*)::{lambda()#1}::operator()() const::{lambda()#3}::operator()() const::{lambda(float)#1})::{lambda(hiprandStatePhilox4_32_10*)#2}, at::native::(anonymous namespace)::distribution_nullary_kernel<c10::Half, float, HIP_vector_type<float, 4u>, at::CUDAGeneratorImpl*, at::native::templates::cuda::normal_and_transform<c10::Half, float, at::CUDAGeneratorImpl*, at::native::templates::cuda::normal_kernel<at::CUDAGeneratorImpl*>(at::TensorBase const&, double, double, at::CUDAGeneratorImpl*)::{lambda()#1}::operator()() const::{lambda()#3}::operator()() const::{lambda(float)#1}>(at::TensorIteratorBase&, at::CUDAGeneratorImpl*, at::native::templates::cuda::normal_kernel<at::CUDAGeneratorImpl*>(at::TensorBase const&, double, double, at::CUDAGeneratorImpl*)::{lambda()#1}::operator()() const::{lambda()#3}::operator()() const::{lambda(float)#1})::{lambda(hiprandStatePhilox4_32_10*)#2}, at::native::templates::cuda::normal_kernel<at::CUDAGeneratorImpl*>(at::TensorBase const&, double, double, at::CUDAGeneratorImpl*)::{lambda()#1}::operator()() const::{lambda()#3}::operator()() const::{lambda(float)#1}>(at::TensorIteratorBase&, at::CUDAGeneratorImpl*, at::native::templates::cuda::normal_and_transform<c10::Half, float, at::CUDAGeneratorImpl*, at::native::templates::cuda::normal_kernel<at::CUDAGeneratorImpl*>(at::TensorBase const&, double, double, at::CUDAGeneratorImpl*)::{lambda()#1}::operator()() const::{lambda()#3}::operator()() const::{lambda(float)#1}>(at::TensorIteratorBase&, at::CUDAGeneratorImpl*, at::native::templates::cuda::normal_kernel<at::CUDAGeneratorImpl*>(at::TensorBase const&, double, double, at::CUDAGeneratorImpl*)::{lambda()#1}::operator()() const::{lambda()#3}::operator()() const::{lambda(float)#1})::{lambda(hiprandStatePhilox4_32_10*)#2} const&, at::native::templates::cuda::normal_kernel<at::CUDAGeneratorImpl*>(at::TensorBase const&, double, double, at::CUDAGeneratorImpl*)::{lambda()#1}::operator()() const::{lambda()#3}::operator()() const::{lambda(float)#1})::{lambda(int, float)#1})",2,474292222688977,474292222731114,0,0,256,1,1,622592,1,1
"KERNEL_DISPATCH",7,3,164043,3,26,"void at::native::(anonymous namespace)::distribution_elementwise_grid_stride_kernel<float, 4, at::native::templates::cuda::normal_and_transform<c10::Half, float, at::CUDAGeneratorImpl*, at::native::templates::cuda::normal_kernel<at::CUDAGeneratorImpl*>(at::TensorBase const&, double, double, at::CUDAGeneratorImpl*)::{lambda()#1}::operator()() const::{lambda()#3}::operator()() const::{lambda(float)#1}>(at::TensorIteratorBase&, at::CUDAGeneratorImpl*, at::native::templates::cuda::normal_kernel<at::CUDAGeneratorImpl*>(at::TensorBase const&, double, double, at::CUDAGeneratorImpl*)::{lambda()#1}::operator()() const::{lambda()#3}::operator()() const::{lambda(float)#1})::{lambda(hiprandStatePhilox4_32_10*)#2}, at::native::(anonymous namespace)::distribution_nullary_kernel<c10::Half, float, HIP_vector_type<float, 4u>, at::CUDAGeneratorImpl*, at::native::templates::cuda::normal_and_transform<c10::Half, float, at::CUDAGeneratorImpl*, at::native::templates::cuda::normal_kernel<at::CUDAGeneratorImpl*>(at::TensorBase const&, double, double, at::CUDAGeneratorImpl*)::{lambda()#1}::operator()() const::{lambda()#3}::operator()() const::{lambda(float)#1}>(at::TensorIteratorBase&, at::CUDAGeneratorImpl*, at::native::templates::cuda::normal_kernel<at::CUDAGeneratorImpl*>(at::TensorBase const&, double, double, at::CUDAGeneratorImpl*)::{lambda()#1}::operator()() const::{lambda()#3}::operator()() const::{lambda(float)#1})::{lambda(hiprandStatePhilox4_32_10*)#2}, at::native::templates::cuda::normal_kernel<at::CUDAGeneratorImpl*>(at::TensorBase const&, double, double, at::CUDAGeneratorImpl*)::{lambda()#1}::operator()() const::{lambda()#3}::operator()() const::{lambda(float)#1}>(at::TensorIteratorBase&, at::CUDAGeneratorImpl*, at::native::templates::cuda::normal_and_transform<c10::Half, float, at::CUDAGeneratorImpl*, at::native::templates::cuda::normal_kernel<at::CUDAGeneratorImpl*>(at::TensorBase const&, double, double, at::CUDAGeneratorImpl*)::{lambda()#1}::operator()() const::{lambda()#3}::operator()() const::{lambda(float)#1}>(at::TensorIteratorBase&, at::CUDAGeneratorImpl*, at::native::templates::cuda::normal_kernel<at::CUDAGeneratorImpl*>(at::TensorBase const&, double, double, at::CUDAGeneratorImpl*)::{lambda()#1}::operator()() const::{lambda()#3}::operator()() const::{lambda(float)#1})::{lambda(hiprandStatePhilox4_32_10*)#2} const&, at::native::templates::cuda::normal_kernel<at::CUDAGeneratorImpl*>(at::TensorBase const&, double, double, at::CUDAGeneratorImpl*)::{lambda()#1}::operator()() const::{lambda()#3}::operator()() const::{lambda(float)#1})::{lambda(int, float)#1}>(long, at::PhiloxCudaState, at::native::templates::cuda::normal_and_transform<c10::Half, float, at::CUDAGeneratorImpl*, at::native::templates::cuda::normal_kernel<at::CUDAGeneratorImpl*>(at::TensorBase const&, double, double, at::CUDAGeneratorImpl*)::{lambda()#1}::operator()() const::{lambda()#3}::operator()() const::{lambda(float)#1}>(at::TensorIteratorBase&, at::CUDAGeneratorImpl*, at::native::templates::cuda::normal_kernel<at::CUDAGeneratorImpl*>(at::TensorBase const&, double, double, at::CUDAGeneratorImpl*)::{lambda()#1}::operator()() const::{lambda()#3}::operator()() const::{lambda(float)#1})::{lambda(hiprandStatePhilox4_32_10*)#2}, at::native::(anonymous namespace)::distribution_nullary_kernel<c10::Half, float, HIP_vector_type<float, 4u>, at::CUDAGeneratorImpl*, at::native::templates::cuda::normal_and_transform<c10::Half, float, at::CUDAGeneratorImpl*, at::native::templates::cuda::normal_kernel<at::CUDAGeneratorImpl*>(at::TensorBase const&, double, double, at::CUDAGeneratorImpl*)::{lambda()#1}::operator()() const::{lambda()#3}::operator()() const::{lambda(float)#1}>(at::TensorIteratorBase&, at::CUDAGeneratorImpl*, at::native::templates::cuda::normal_kernel<at::CUDAGeneratorImpl*>(at::TensorBase const&, double, double, at::CUDAGeneratorImpl*)::{lambda()#1}::operator()() const::{lambda()#3}::operator()() const::{lambda(float)#1})::{lambda(hiprandStatePhilox4_32_10*)#2}, at::native::templates::cuda::normal_kernel<at::CUDAGeneratorImpl*>(at::TensorBase const&, double, double, at::CUDAGeneratorImpl*)::{lambda()#1}::operator()() const::{lambda()#3}::operator()() const::{lambda(float)#1}>(at::TensorIteratorBase&, at::CUDAGeneratorImpl*, at::native::templates::cuda::normal_and_transform<c10::Half, float, at::CUDAGeneratorImpl*, at::native::templates::cuda::normal_kernel<at::CUDAGeneratorImpl*>(at::TensorBase const&, double, double, at::CUDAGeneratorImpl*)::{lambda()#1}::operator()() const::{lambda()#3}::operator()() const::{lambda(float)#1}>(at::TensorIteratorBase&, at::CUDAGeneratorImpl*, at::native::templates::cuda::normal_kernel<at::CUDAGeneratorImpl*>(at::TensorBase const&, double, double, at::CUDAGeneratorImpl*)::{lambda()#1}::operator()() const::{lambda()#3}::operator()() const::{lambda(float)#1})::{lambda(hiprandStatePhilox4_32_10*)#2} const&, at::native::templates::cuda::normal_kernel<at::CUDAGeneratorImpl*>(at::TensorBase const&, double, double, at::CUDAGeneratorImpl*)::{lambda()#1}::operator()() const::{lambda()#3}::operator()() const::{lambda(float)#1})::{lambda(int, float)#1})",3,474292222762318,474292222805377,0,0,256,1,1,622592,1,1
"KERNEL_DISPATCH",7,3,164043,4,26,"void at::native::(anonymous namespace)::distribution_elementwise_grid_stride_kernel<float, 4, at::native::templates::cuda::normal_and_transform<c10::Half, float, at::CUDAGeneratorImpl*, at::native::templates::cuda::normal_kernel<at::CUDAGeneratorImpl*>(at::TensorBase const&, double, double, at::CUDAGeneratorImpl*)::{lambda()#1}::operator()() const::{lambda()#3}::operator()() const::{lambda(float)#1}>(at::TensorIteratorBase&, at::CUDAGeneratorImpl*, at::native::templates::cuda::normal_kernel<at::CUDAGeneratorImpl*>(at::TensorBase const&, double, double, at::CUDAGeneratorImpl*)::{lambda()#1}::operator()() const::{lambda()#3}::operator()() const::{lambda(float)#1})::{lambda(hiprandStatePhilox4_32_10*)#2}, at::native::(anonymous namespace)::distribution_nullary_kernel<c10::Half, float, HIP_vector_type<float, 4u>, at::CUDAGeneratorImpl*, at::native::templates::cuda::normal_and_transform<c10::Half, float, at::CUDAGeneratorImpl*, at::native::templates::cuda::normal_kernel<at::CUDAGeneratorImpl*>(at::TensorBase const&, double, double, at::CUDAGeneratorImpl*)::{lambda()#1}::operator()() const::{lambda()#3}::operator()() const::{lambda(float)#1}>(at::TensorIteratorBase&, at::CUDAGeneratorImpl*, at::native::templates::cuda::normal_kernel<at::CUDAGeneratorImpl*>(at::TensorBase const&, double, double, at::CUDAGeneratorImpl*)::{lambda()#1}::operator()() const::{lambda()#3}::operator()() const::{lambda(float)#1})::{lambda(hiprandStatePhilox4_32_10*)#2}, at::native::templates::cuda::normal_kernel<at::CUDAGeneratorImpl*>(at::TensorBase const&, double, double, at::CUDAGeneratorImpl*)::{lambda()#1}::operator()() const::{lambda()#3}::operator()() const::{lambda(float)#1}>(at::TensorIteratorBase&, at::CUDAGeneratorImpl*, at::native::templates::cuda::normal_and_transform<c10::Half, float, at::CUDAGeneratorImpl*, at::native::templates::cuda::normal_kernel<at::CUDAGeneratorImpl*>(at::TensorBase const&, double, double, at::CUDAGeneratorImpl*)::{lambda()#1}::operator()() const::{lambda()#3}::operator()() const::{lambda(float)#1}>(at::TensorIteratorBase&, at::CUDAGeneratorImpl*, at::native::templates::cuda::normal_kernel<at::CUDAGeneratorImpl*>(at::TensorBase const&, double, double, at::CUDAGeneratorImpl*)::{lambda()#1}::operator()() const::{lambda()#3}::operator()() const::{lambda(float)#1})::{lambda(hiprandStatePhilox4_32_10*)#2} const&, at::native::templates::cuda::normal_kernel<at::CUDAGeneratorImpl*>(at::TensorBase const&, double, double, at::CUDAGeneratorImpl*)::{lambda()#1}::operator()() const::{lambda()#3}::operator()() const::{lambda(float)#1})::{lambda(int, float)#1}>(long, at::PhiloxCudaState, at::native::templates::cuda::normal_and_transform<c10::Half, float, at::CUDAGeneratorImpl*, at::native::templates::cuda::normal_kernel<at::CUDAGeneratorImpl*>(at::TensorBase const&, double, double, at::CUDAGeneratorImpl*)::{lambda()#1}::operator()() const::{lambda()#3}::operator()() const::{lambda(float)#1}>(at::TensorIteratorBase&, at::CUDAGeneratorImpl*, at::native::templates::cuda::normal_kernel<at::CUDAGeneratorImpl*>(at::TensorBase const&, double, double, at::CUDAGeneratorImpl*)::{lambda()#1}::operator()() const::{lambda()#3}::operator()() const::{lambda(float)#1})::{lambda(hiprandStatePhilox4_32_10*)#2}, at::native::(anonymous namespace)::distribution_nullary_kernel<c10::Half, float, HIP_vector_type<float, 4u>, at::CUDAGeneratorImpl*, at::native::templates::cuda::normal_and_transform<c10::Half, float, at::CUDAGeneratorImpl*, at::native::templates::cuda::normal_kernel<at::CUDAGeneratorImpl*>(at::TensorBase const&, double, double, at::CUDAGeneratorImpl*)::{lambda()#1}::operator()() const::{lambda()#3}::operator()() const::{lambda(float)#1}>(at::TensorIteratorBase&, at::CUDAGeneratorImpl*, at::native::templates::cuda::normal_kernel<at::CUDAGeneratorImpl*>(at::TensorBase const&, double, double, at::CUDAGeneratorImpl*)::{lambda()#1}::operator()() const::{lambda()#3}::operator()() const::{lambda(float)#1})::{lambda(hiprandStatePhilox4_32_10*)#2}, at::native::templates::cuda::normal_kernel<at::CUDAGeneratorImpl*>(at::TensorBase const&, double, double, at::CUDAGeneratorImpl*)::{lambda()#1}::operator()() const::{lambda()#3}::operator()() const::{lambda(float)#1}>(at::TensorIteratorBase&, at::CUDAGeneratorImpl*, at::native::templates::cuda::normal_and_transform<c10::Half, float, at::CUDAGeneratorImpl*, at::native::templates::cuda::normal_kernel<at::CUDAGeneratorImpl*>(at::TensorBase const&, double, double, at::CUDAGeneratorImpl*)::{lambda()#1}::operator()() const::{lambda()#3}::operator()() const::{lambda(float)#1}>(at::TensorIteratorBase&, at::CUDAGeneratorImpl*, at::native::templates::cuda::normal_kernel<at::CUDAGeneratorImpl*>(at::TensorBase const&, double, double, at::CUDAGeneratorImpl*)::{lambda()#1}::operator()() const::{lambda()#3}::operator()() const::{lambda(float)#1})::{lambda(hiprandStatePhilox4_32_10*)#2} const&, at::native::templates::cuda::normal_kernel<at::CUDAGeneratorImpl*>(at::TensorBase const&, double, double, at::CUDAGeneratorImpl*)::{lambda()#1}::operator()() const::{lambda()#3}::operator()() const::{lambda(float)#1})::{lambda(int, float)#1})",4,474292222809333,474292222815186,0,0,256,1,1,524288,1,1
"KERNEL_DISPATCH",7,3,164043,5,26,"void at::native::(anonymous namespace)::distribution_elementwise_grid_stride_kernel<float, 4, at::native::templates::cuda::normal_and_transform<c10::Half, float, at::CUDAGeneratorImpl*, at::native::templates::cuda::normal_kernel<at::CUDAGeneratorImpl*>(at::TensorBase const&, double, double, at::CUDAGeneratorImpl*)::{lambda()#1}::operator()() const::{lambda()#3}::operator()() const::{lambda(float)#1}>(at::TensorIteratorBase&, at::CUDAGeneratorImpl*, at::native::templates::cuda::normal_kernel<at::CUDAGeneratorImpl*>(at::TensorBase const&, double, double, at::CUDAGeneratorImpl*)::{lambda()#1}::operator()() const::{lambda()#3}::operator()() const::{lambda(float)#1})::{lambda(hiprandStatePhilox4_32_10*)#2}, at::native::(anonymous namespace)::distribution_nullary_kernel<c10::Half, float, HIP_vector_type<float, 4u>, at::CUDAGeneratorImpl*, at::native::templates::cuda::normal_and_transform<c10::Half, float, at::CUDAGeneratorImpl*, at::native::templates::cuda::normal_kernel<at::CUDAGeneratorImpl*>(at::TensorBase const&, double, double, at::CUDAGeneratorImpl*)::{lambda()#1}::operator()() const::{lambda()#3}::operator()() const::{lambda(float)#1}>(at::TensorIteratorBase&, at::CUDAGeneratorImpl*, at::native::templates::cuda::normal_kernel<at::CUDAGeneratorImpl*>(at::TensorBase const&, double, double, at::CUDAGeneratorImpl*)::{lambda()#1}::operator()() const::{lambda()#3}::operator()() const::{lambda(float)#1})::{lambda(hiprandStatePhilox4_32_10*)#2}, at::native::templates::cuda::normal_kernel<at::CUDAGeneratorImpl*>(at::TensorBase const&, double, double, at::CUDAGeneratorImpl*)::{lambda()#1}::operator()() const::{lambda()#3}::operator()() const::{lambda(float)#1}>(at::TensorIteratorBase&, at::CUDAGeneratorImpl*, at::native::templates::cuda::normal_and_transform<c10::Half, float, at::CUDAGeneratorImpl*, at::native::templates::cuda::normal_kernel<at::CUDAGeneratorImpl*>(at::TensorBase const&, double, double, at::CUDAGeneratorImpl*)::{lambda()#1}::operator()() const::{lambda()#3}::operator()() const::{lambda(float)#1}>(at::TensorIteratorBase&, at::CUDAGeneratorImpl*, at::native::templates::cuda::normal_kernel<at::CUDAGeneratorImpl*>(at::TensorBase const&, double, double, at::CUDAGeneratorImpl*)::{lambda()#1}::operator()() const::{lambda()#3}::operator()() const::{lambda(float)#1})::{lambda(hiprandStatePhilox4_32_10*)#2} const&, at::native::templates::cuda::normal_kernel<at::CUDAGeneratorImpl*>(at::TensorBase const&, double, double, at::CUDAGeneratorImpl*)::{lambda()#1}::operator()() const::{lambda()#3}::operator()() const::{lambda(float)#1})::{lambda(int, float)#1}>(long, at::PhiloxCudaState, at::native::templates::cuda::normal_and_transform<c10::Half, float, at::CUDAGeneratorImpl*, at::native::templates::cuda::normal_kernel<at::CUDAGeneratorImpl*>(at::TensorBase const&, double, double, at::CUDAGeneratorImpl*)::{lambda()#1}::operator()() const::{lambda()#3}::operator()() const::{lambda(float)#1}>(at::TensorIteratorBase&, at::CUDAGeneratorImpl*, at::native::templates::cuda::normal_kernel<at::CUDAGeneratorImpl*>(at::TensorBase const&, double, double, at::CUDAGeneratorImpl*)::{lambda()#1}::operator()() const::{lambda()#3}::operator()() const::{lambda(float)#1})::{lambda(hiprandStatePhilox4_32_10*)#2}, at::native::(anonymous namespace)::distribution_nullary_kernel<c10::Half, float, HIP_vector_type<float, 4u>, at::CUDAGeneratorImpl*, at::native::templates::cuda::normal_and_transform<c10::Half, float, at::CUDAGeneratorImpl*, at::native::templates::cuda::normal_kernel<at::CUDAGeneratorImpl*>(at::TensorBase const&, double, double, at::CUDAGeneratorImpl*)::{lambda()#1}::operator()() const::{lambda()#3}::operator()() const::{lambda(float)#1}>(at::TensorIteratorBase&, at::CUDAGeneratorImpl*, at::native::templates::cuda::normal_kernel<at::CUDAGeneratorImpl*>(at::TensorBase const&, double, double, at::CUDAGeneratorImpl*)::{lambda()#1}::operator()() const::{lambda()#3}::operator()() const::{lambda(float)#1})::{lambda(hiprandStatePhilox4_32_10*)#2}, at::native::templates::cuda::normal_kernel<at::CUDAGeneratorImpl*>(at::TensorBase const&, double, double, at::CUDAGeneratorImpl*)::{lambda()#1}::operator()() const::{lambda()#3}::operator()() const::{lambda(float)#1}>(at::TensorIteratorBase&, at::CUDAGeneratorImpl*, at::native::templates::cuda::normal_and_transform<c10::Half, float, at::CUDAGeneratorImpl*, at::native::templates::cuda::normal_kernel<at::CUDAGeneratorImpl*>(at::TensorBase const&, double, double, at::CUDAGeneratorImpl*)::{lambda()#1}::operator()() const::{lambda()#3}::operator()() const::{lambda(float)#1}>(at::TensorIteratorBase&, at::CUDAGeneratorImpl*, at::native::templates::cuda::normal_kernel<at::CUDAGeneratorImpl*>(at::TensorBase const&, double, double, at::CUDAGeneratorImpl*)::{lambda()#1}::operator()() const::{lambda()#3}::operator()() const::{lambda(float)#1})::{lambda(hiprandStatePhilox4_32_10*)#2} const&, at::native::templates::cuda::normal_kernel<at::CUDAGeneratorImpl*>(at::TensorBase const&, double, double, at::CUDAGeneratorImpl*)::{lambda()#1}::operator()() const::{lambda()#3}::operator()() const::{lambda(float)#1})::{lambda(int, float)#1})",5,474292222815186,474292222823285,0,0,256,1,1,262144,1,1
"KERNEL_DISPATCH",7,3,164043,6,26,"void at::native::(anonymous namespace)::distribution_elementwise_grid_stride_kernel<float, 4, at::native::templates::cuda::normal_and_transform<c10::Half, float, at::CUDAGeneratorImpl*, at::native::templates::cuda::normal_kernel<at::CUDAGeneratorImpl*>(at::TensorBase const&, double, double, at::CUDAGeneratorImpl*)::{lambda()#1}::operator()() const::{lambda()#3}::operator()() const::{lambda(float)#1}>(at::TensorIteratorBase&, at::CUDAGeneratorImpl*, at::native::templates::cuda::normal_kernel<at::CUDAGeneratorImpl*>(at::TensorBase const&, double, double, at::CUDAGeneratorImpl*)::{lambda()#1}::operator()() const::{lambda()#3}::operator()() const::{lambda(float)#1})::{lambda(hiprandStatePhilox4_32_10*)#2}, at::native::(anonymous namespace)::distribution_nullary_kernel<c10::Half, float, HIP_vector_type<float, 4u>, at::CUDAGeneratorImpl*, at::native::templates::cuda::normal_and_transform<c10::Half, float, at::CUDAGeneratorImpl*, at::native::templates::cuda::normal_kernel<at::CUDAGeneratorImpl*>(at::TensorBase const&, double, double, at::CUDAGeneratorImpl*)::{lambda()#1}::operator()() const::{lambda()#3}::operator()() const::{lambda(float)#1}>(at::TensorIteratorBase&, at::CUDAGeneratorImpl*, at::native::templates::cuda::normal_kernel<at::CUDAGeneratorImpl*>(at::TensorBase const&, double, double, at::CUDAGeneratorImpl*)::{lambda()#1}::operator()() const::{lambda()#3}::operator()() const::{lambda(float)#1})::{lambda(hiprandStatePhilox4_32_10*)#2}, at::native::templates::cuda::normal_kernel<at::CUDAGeneratorImpl*>(at::TensorBase const&, double, double, at::CUDAGeneratorImpl*)::{lambda()#1}::operator()() const::{lambda()#3}::operator()() const::{lambda(float)#1}>(at::TensorIteratorBase&, at::CUDAGeneratorImpl*, at::native::templates::cuda::normal_and_transform<c10::Half, float, at::CUDAGeneratorImpl*, at::native::templates::cuda::normal_kernel<at::CUDAGeneratorImpl*>(at::TensorBase const&, double, double, at::CUDAGeneratorImpl*)::{lambda()#1}::operator()() const::{lambda()#3}::operator()() const::{lambda(float)#1}>(at::TensorIteratorBase&, at::CUDAGeneratorImpl*, at::native::templates::cuda::normal_kernel<at::CUDAGeneratorImpl*>(at::TensorBase const&, double, double, at::CUDAGeneratorImpl*)::{lambda()#1}::operator()() const::{lambda()#3}::operator()() const::{lambda(float)#1})::{lambda(hiprandStatePhilox4_32_10*)#2} const&, at::native::templates::cuda::normal_kernel<at::CUDAGeneratorImpl*>(at::TensorBase const&, double, double, at::CUDAGeneratorImpl*)::{lambda()#1}::operator()() const::{lambda()#3}::operator()() const::{lambda(float)#1})::{lambda(int, float)#1}>(long, at::PhiloxCudaState, at::native::templates::cuda::normal_and_transform<c10::Half, float, at::CUDAGeneratorImpl*, at::native::templates::cuda::normal_kernel<at::CUDAGeneratorImpl*>(at::TensorBase const&, double, double, at::CUDAGeneratorImpl*)::{lambda()#1}::operator()() const::{lambda()#3}::operator()() const::{lambda(float)#1}>(at::TensorIteratorBase&, at::CUDAGeneratorImpl*, at::native::templates::cuda::normal_kernel<at::CUDAGeneratorImpl*>(at::TensorBase const&, double, double, at::CUDAGeneratorImpl*)::{lambda()#1}::operator()() const::{lambda()#3}::operator()() const::{lambda(float)#1})::{lambda(hiprandStatePhilox4_32_10*)#2}, at::native::(anonymous namespace)::distribution_nullary_kernel<c10::Half, float, HIP_vector_type<float, 4u>, at::CUDAGeneratorImpl*, at::native::templates::cuda::normal_and_transform<c10::Half, float, at::CUDAGeneratorImpl*, at::native::templates::cuda::normal_kernel<at::CUDAGeneratorImpl*>(at::TensorBase const&, double, double, at::CUDAGeneratorImpl*)::{lambda()#1}::operator()() const::{lambda()#3}::operator()() const::{lambda(float)#1}>(at::TensorIteratorBase&, at::CUDAGeneratorImpl*, at::native::templates::cuda::normal_kernel<at::CUDAGeneratorImpl*>(at::TensorBase const&, double, double, at::CUDAGeneratorImpl*)::{lambda()#1}::operator()() const::{lambda()#3}::operator()() const::{lambda(float)#1})::{lambda(hiprandStatePhilox4_32_10*)#2}, at::native::templates::cuda::normal_kernel<at::CUDAGeneratorImpl*>(at::TensorBase const&, double, double, at::CUDAGeneratorImpl*)::{lambda()#1}::operator()() const::{lambda()#3}::operator()() const::{lambda(float)#1}>(at::TensorIteratorBase&, at::CUDAGeneratorImpl*, at::native::templates::cuda::normal_and_transform<c10::Half, float, at::CUDAGeneratorImpl*, at::native::templates::cuda::normal_kernel<at::CUDAGeneratorImpl*>(at::TensorBase const&, double, double, at::CUDAGeneratorImpl*)::{lambda()#1}::operator()() const::{lambda()#3}::operator()() const::{lambda(float)#1}>(at::TensorIteratorBase&, at::CUDAGeneratorImpl*, at::native::templates::cuda::normal_kernel<at::CUDAGeneratorImpl*>(at::TensorBase const&, double, double, at::CUDAGeneratorImpl*)::{lambda()#1}::operator()() const::{lambda()#3}::operator()() const::{lambda(float)#1})::{lambda(hiprandStatePhilox4_32_10*)#2} const&, at::native::templates::cuda::normal_kernel<at::CUDAGeneratorImpl*>(at::TensorBase const&, double, double, at::CUDAGeneratorImpl*)::{lambda()#1}::operator()() const::{lambda()#3}::operator()() const::{lambda(float)#1})::{lambda(int, float)#1})",6,474292222827735,474292222836234,0,0,256,1,1,262144,1,1
"KERNEL_DISPATCH",7,3,164043,7,26,"void at::native::(anonymous namespace)::distribution_elementwise_grid_stride_kernel<float, 4, at::native::templates::cuda::normal_and_transform<c10::Half, float, at::CUDAGeneratorImpl*, at::native::templates::cuda::normal_kernel<at::CUDAGeneratorImpl*>(at::TensorBase const&, double, double, at::CUDAGeneratorImpl*)::{lambda()#1}::operator()() const::{lambda()#3}::operator()() const::{lambda(float)#1}>(at::TensorIteratorBase&, at::CUDAGeneratorImpl*, at::native::templates::cuda::normal_kernel<at::CUDAGeneratorImpl*>(at::TensorBase const&, double, double, at::CUDAGeneratorImpl*)::{lambda()#1}::operator()() const::{lambda()#3}::operator()() const::{lambda(float)#1})::{lambda(hiprandStatePhilox4_32_10*)#2}, at::native::(anonymous namespace)::distribution_nullary_kernel<c10::Half, float, HIP_vector_type<float, 4u>, at::CUDAGeneratorImpl*, at::native::templates::cuda::normal_and_transform<c10::Half, float, at::CUDAGeneratorImpl*, at::native::templates::cuda::normal_kernel<at::CUDAGeneratorImpl*>(at::TensorBase const&, double, double, at::CUDAGeneratorImpl*)::{lambda()#1}::operator()() const::{lambda()#3}::operator()() const::{lambda(float)#1}>(at::TensorIteratorBase&, at::CUDAGeneratorImpl*, at::native::templates::cuda::normal_kernel<at::CUDAGeneratorImpl*>(at::TensorBase const&, double, double, at::CUDAGeneratorImpl*)::{lambda()#1}::operator()() const::{lambda()#3}::operator()() const::{lambda(float)#1})::{lambda(hiprandStatePhilox4_32_10*)#2}, at::native::templates::cuda::normal_kernel<at::CUDAGeneratorImpl*>(at::TensorBase const&, double, double, at::CUDAGeneratorImpl*)::{lambda()#1}::operator()() const::{lambda()#3}::operator()() const::{lambda(float)#1}>(at::TensorIteratorBase&, at::CUDAGeneratorImpl*, at::native::templates::cuda::normal_and_transform<c10::Half, float, at::CUDAGeneratorImpl*, at::native::templates::cuda::normal_kernel<at::CUDAGeneratorImpl*>(at::TensorBase const&, double, double, at::CUDAGeneratorImpl*)::{lambda()#1}::operator()() const::{lambda()#3}::operator()() const::{lambda(float)#1}>(at::TensorIteratorBase&, at::CUDAGeneratorImpl*, at::native::templates::cuda::normal_kernel<at::CUDAGeneratorImpl*>(at::TensorBase const&, double, double, at::CUDAGeneratorImpl*)::{lambda()#1}::operator()() const::{lambda()#3}::operator()() const::{lambda(float)#1})::{lambda(hiprandStatePhilox4_32_10*)#2} const&, at::native::templates::cuda::normal_kernel<at::CUDAGeneratorImpl*>(at::TensorBase const&, double, double, at::CUDAGeneratorImpl*)::{lambda()#1}::operator()() const::{lambda()#3}::operator()() const::{lambda(float)#1})::{lambda(int, float)#1}>(long, at::PhiloxCudaState, at::native::templates::cuda::normal_and_transform<c10::Half, float, at::CUDAGeneratorImpl*, at::native::templates::cuda::normal_kernel<at::CUDAGeneratorImpl*>(at::TensorBase const&, double, double, at::CUDAGeneratorImpl*)::{lambda()#1}::operator()() const::{lambda()#3}::operator()() const::{lambda(float)#1}>(at::TensorIteratorBase&, at::CUDAGeneratorImpl*, at::native::templates::cuda::normal_kernel<at::CUDAGeneratorImpl*>(at::TensorBase const&, double, double, at::CUDAGeneratorImpl*)::{lambda()#1}::operator()() const::{lambda()#3}::operator()() const::{lambda(float)#1})::{lambda(hiprandStatePhilox4_32_10*)#2}, at::native::(anonymous namespace)::distribution_nullary_kernel<c10::Half, float, HIP_vector_type<float, 4u>, at::CUDAGeneratorImpl*, at::native::templates::cuda::normal_and_transform<c10::Half, float, at::CUDAGeneratorImpl*, at::native::templates::cuda::normal_kernel<at::CUDAGeneratorImpl*>(at::TensorBase const&, double, double, at::CUDAGeneratorImpl*)::{lambda()#1}::operator()() const::{lambda()#3}::operator()() const::{lambda(float)#1}>(at::TensorIteratorBase&, at::CUDAGeneratorImpl*, at::native::templates::cuda::normal_kernel<at::CUDAGeneratorImpl*>(at::TensorBase const&, double, double, at::CUDAGeneratorImpl*)::{lambda()#1}::operator()() const::{lambda()#3}::operator()() const::{lambda(float)#1})::{lambda(hiprandStatePhilox4_32_10*)#2}, at::native::templates::cuda::normal_kernel<at::CUDAGeneratorImpl*>(at::TensorBase const&, double, double, at::CUDAGeneratorImpl*)::{lambda()#1}::operator()() const::{lambda()#3}::operator()() const::{lambda(float)#1}>(at::TensorIteratorBase&, at::CUDAGeneratorImpl*, at::native::templates::cuda::normal_and_transform<c10::Half, float, at::CUDAGeneratorImpl*, at::native::templates::cuda::normal_kernel<at::CUDAGeneratorImpl*>(at::TensorBase const&, double, double, at::CUDAGeneratorImpl*)::{lambda()#1}::operator()() const::{lambda()#3}::operator()() const::{lambda(float)#1}>(at::TensorIteratorBase&, at::CUDAGeneratorImpl*, at::native::templates::cuda::normal_kernel<at::CUDAGeneratorImpl*>(at::TensorBase const&, double, double, at::CUDAGeneratorImpl*)::{lambda()#1}::operator()() const::{lambda()#3}::operator()() const::{lambda(float)#1})::{lambda(hiprandStatePhilox4_32_10*)#2} const&, at::native::templates::cuda::normal_kernel<at::CUDAGeneratorImpl*>(at::TensorBase const&, double, double, at::CUDAGeneratorImpl*)::{lambda()#1}::operator()() const::{lambda()#3}::operator()() const::{lambda(float)#1})::{lambda(int, float)#1})",7,474292222869430,474292222929488,0,0,256,1,1,622592,1,1
"KERNEL_DISPATCH",7,3,164043,8,26,"void at::native::(anonymous namespace)::distribution_elementwise_grid_stride_kernel<float, 4, at::native::templates::cuda::normal_and_transform<c10::Half, float, at::CUDAGeneratorImpl*, at::native::templates::cuda::normal_kernel<at::CUDAGeneratorImpl*>(at::TensorBase const&, double, double, at::CUDAGeneratorImpl*)::{lambda()#1}::operator()() const::{lambda()#3}::operator()() const::{lambda(float)#1}>(at::TensorIteratorBase&, at::CUDAGeneratorImpl*, at::native::templates::cuda::normal_kernel<at::CUDAGeneratorImpl*>(at::TensorBase const&, double, double, at::CUDAGeneratorImpl*)::{lambda()#1}::operator()() const::{lambda()#3}::operator()() const::{lambda(float)#1})::{lambda(hiprandStatePhilox4_32_10*)#2}, at::native::(anonymous namespace)::distribution_nullary_kernel<c10::Half, float, HIP_vector_type<float, 4u>, at::CUDAGeneratorImpl*, at::native::templates::cuda::normal_and_transform<c10::Half, float, at::CUDAGeneratorImpl*, at::native::templates::cuda::normal_kernel<at::CUDAGeneratorImpl*>(at::TensorBase const&, double, double, at::CUDAGeneratorImpl*)::{lambda()#1}::operator()() const::{lambda()#3}::operator()() const::{lambda(float)#1}>(at::TensorIteratorBase&, at::CUDAGeneratorImpl*, at::native::templates::cuda::normal_kernel<at::CUDAGeneratorImpl*>(at::TensorBase const&, double, double, at::CUDAGeneratorImpl*)::{lambda()#1}::operator()() const::{lambda()#3}::operator()() const::{lambda(float)#1})::{lambda(hiprandStatePhilox4_32_10*)#2}, at::native::templates::cuda::normal_kernel<at::CUDAGeneratorImpl*>(at::TensorBase const&, double, double, at::CUDAGeneratorImpl*)::{lambda()#1}::operator()() const::{lambda()#3}::operator()() const::{lambda(float)#1}>(at::TensorIteratorBase&, at::CUDAGeneratorImpl*, at::native::templates::cuda::normal_and_transform<c10::Half, float, at::CUDAGeneratorImpl*, at::native::templates::cuda::normal_kernel<at::CUDAGeneratorImpl*>(at::TensorBase const&, double, double, at::CUDAGeneratorImpl*)::{lambda()#1}::operator()() const::{lambda()#3}::operator()() const::{lambda(float)#1}>(at::TensorIteratorBase&, at::CUDAGeneratorImpl*, at::native::templates::cuda::normal_kernel<at::CUDAGeneratorImpl*>(at::TensorBase const&, double, double, at::CUDAGeneratorImpl*)::{lambda()#1}::operator()() const::{lambda()#3}::operator()() const::{lambda(float)#1})::{lambda(hiprandStatePhilox4_32_10*)#2} const&, at::native::templates::cuda::normal_kernel<at::CUDAGeneratorImpl*>(at::TensorBase const&, double, double, at::CUDAGeneratorImpl*)::{lambda()#1}::operator()() const::{lambda()#3}::operator()() const::{lambda(float)#1})::{lambda(int, float)#1}>(long, at::PhiloxCudaState, at::native::templates::cuda::normal_and_transform<c10::Half, float, at::CUDAGeneratorImpl*, at::native::templates::cuda::normal_kernel<at::CUDAGeneratorImpl*>(at::TensorBase const&, double, double, at::CUDAGeneratorImpl*)::{lambda()#1}::operator()() const::{lambda()#3}::operator()() const::{lambda(float)#1}>(at::TensorIteratorBase&, at::CUDAGeneratorImpl*, at::native::templates::cuda::normal_kernel<at::CUDAGeneratorImpl*>(at::TensorBase const&, double, double, at::CUDAGeneratorImpl*)::{lambda()#1}::operator()() const::{lambda()#3}::operator()() const::{lambda(float)#1})::{lambda(hiprandStatePhilox4_32_10*)#2}, at::native::(anonymous namespace)::distribution_nullary_kernel<c10::Half, float, HIP_vector_type<float, 4u>, at::CUDAGeneratorImpl*, at::native::templates::cuda::normal_and_transform<c10::Half, float, at::CUDAGeneratorImpl*, at::native::templates::cuda::normal_kernel<at::CUDAGeneratorImpl*>(at::TensorBase const&, double, double, at::CUDAGeneratorImpl*)::{lambda()#1}::operator()() const::{lambda()#3}::operator()() const::{lambda(float)#1}>(at::TensorIteratorBase&, at::CUDAGeneratorImpl*, at::native::templates::cuda::normal_kernel<at::CUDAGeneratorImpl*>(at::TensorBase const&, double, double, at::CUDAGeneratorImpl*)::{lambda()#1}::operator()() const::{lambda()#3}::operator()() const::{lambda(float)#1})::{lambda(hiprandStatePhilox4_32_10*)#2}, at::native::templates::cuda::normal_kernel<at::CUDAGeneratorImpl*>(at::TensorBase const&, double, double, at::CUDAGeneratorImpl*)::{lambda()#1}::operator()() const::{lambda()#3}::operator()() const::{lambda(float)#1}>(at::TensorIteratorBase&, at::CUDAGeneratorImpl*, at::native::templates::cuda::normal_and_transform<c10::Half, float, at::CUDAGeneratorImpl*, at::native::templates::cuda::normal_kernel<at::CUDAGeneratorImpl*>(at::TensorBase const&, double, double, at::CUDAGeneratorImpl*)::{lambda()#1}::operator()() const::{lambda()#3}::operator()() const::{lambda(float)#1}>(at::TensorIteratorBase&, at::CUDAGeneratorImpl*, at::native::templates::cuda::normal_kernel<at::CUDAGeneratorImpl*>(at::TensorBase const&, double, double, at::CUDAGeneratorImpl*)::{lambda()#1}::operator()() const::{lambda()#3}::operator()() const::{lambda(float)#1})::{lambda(hiprandStatePhilox4_32_10*)#2} const&, at::native::templates::cuda::normal_kernel<at::CUDAGeneratorImpl*>(at::TensorBase const&, double, double, at::CUDAGeneratorImpl*)::{lambda()#1}::operator()() const::{lambda()#3}::operator()() const::{lambda(float)#1})::{lambda(int, float)#1})",8,474292222929488,474292222972226,0,0,256,1,1,622592,1,1
"KERNEL_DISPATCH",7,3,164043,9,26,"void at::native::(anonymous namespace)::distribution_elementwise_grid_stride_kernel<float, 4, at::native::templates::cuda::normal_and_transform<c10::Half, float, at::CUDAGeneratorImpl*, at::native::templates::cuda::normal_kernel<at::CUDAGeneratorImpl*>(at::TensorBase const&, double, double, at::CUDAGeneratorImpl*)::{lambda()#1}::operator()() const::{lambda()#3}::operator()() const::{lambda(float)#1}>(at::TensorIteratorBase&, at::CUDAGeneratorImpl*, at::native::templates::cuda::normal_kernel<at::CUDAGeneratorImpl*>(at::TensorBase const&, double, double, at::CUDAGeneratorImpl*)::{lambda()#1}::operator()() const::{lambda()#3}::operator()() const::{lambda(float)#1})::{lambda(hiprandStatePhilox4_32_10*)#2}, at::native::(anonymous namespace)::distribution_nullary_kernel<c10::Half, float, HIP_vector_type<float, 4u>, at::CUDAGeneratorImpl*, at::native::templates::cuda::normal_and_transform<c10::Half, float, at::CUDAGeneratorImpl*, at::native::templates::cuda::normal_kernel<at::CUDAGeneratorImpl*>(at::TensorBase const&, double, double, at::CUDAGeneratorImpl*)::{lambda()#1}::operator()() const::{lambda()#3}::operator()() const::{lambda(float)#1}>(at::TensorIteratorBase&, at::CUDAGeneratorImpl*, at::native::templates::cuda::normal_kernel<at::CUDAGeneratorImpl*>(at::TensorBase const&, double, double, at::CUDAGeneratorImpl*)::{lambda()#1}::operator()() const::{lambda()#3}::operator()() const::{lambda(float)#1})::{lambda(hiprandStatePhilox4_32_10*)#2}, at::native::templates::cuda::normal_kernel<at::CUDAGeneratorImpl*>(at::TensorBase const&, double, double, at::CUDAGeneratorImpl*)::{lambda()#1}::operator()() const::{lambda()#3}::operator()() const::{lambda(float)#1}>(at::TensorIteratorBase&, at::CUDAGeneratorImpl*, at::native::templates::cuda::normal_and_transform<c10::Half, float, at::CUDAGeneratorImpl*, at::native::templates::cuda::normal_kernel<at::CUDAGeneratorImpl*>(at::TensorBase const&, double, double, at::CUDAGeneratorImpl*)::{lambda()#1}::operator()() const::{lambda()#3}::operator()() const::{lambda(float)#1}>(at::TensorIteratorBase&, at::CUDAGeneratorImpl*, at::native::templates::cuda::normal_kernel<at::CUDAGeneratorImpl*>(at::TensorBase const&, double, double, at::CUDAGeneratorImpl*)::{lambda()#1}::operator()() const::{lambda()#3}::operator()() const::{lambda(float)#1})::{lambda(hiprandStatePhilox4_32_10*)#2} const&, at::native::templates::cuda::normal_kernel<at::CUDAGeneratorImpl*>(at::TensorBase const&, double, double, at::CUDAGeneratorImpl*)::{lambda()#1}::operator()() const::{lambda()#3}::operator()() const::{lambda(float)#1})::{lambda(int, float)#1}>(long, at::PhiloxCudaState, at::native::templates::cuda::normal_and_transform<c10::Half, float, at::CUDAGeneratorImpl*, at::native::templates::cuda::normal_kernel<at::CUDAGeneratorImpl*>(at::TensorBase const&, double, double, at::CUDAGeneratorImpl*)::{lambda()#1}::operator()() const::{lambda()#3}::operator()() const::{lambda(float)#1}>(at::TensorIteratorBase&, at::CUDAGeneratorImpl*, at::native::templates::cuda::normal_kernel<at::CUDAGeneratorImpl*>(at::TensorBase const&, double, double, at::CUDAGeneratorImpl*)::{lambda()#1}::operator()() const::{lambda()#3}::operator()() const::{lambda(float)#1})::{lambda(hiprandStatePhilox4_32_10*)#2}, at::native::(anonymous namespace)::distribution_nullary_kernel<c10::Half, float, HIP_vector_type<float, 4u>, at::CUDAGeneratorImpl*, at::native::templates::cuda::normal_and_transform<c10::Half, float, at::CUDAGeneratorImpl*, at::native::templates::cuda::normal_kernel<at::CUDAGeneratorImpl*>(at::TensorBase const&, double, double, at::CUDAGeneratorImpl*)::{lambda()#1}::operator()() const::{lambda()#3}::operator()() const::{lambda(float)#1}>(at::TensorIteratorBase&, at::CUDAGeneratorImpl*, at::native::templates::cuda::normal_kernel<at::CUDAGeneratorImpl*>(at::TensorBase const&, double, double, at::CUDAGeneratorImpl*)::{lambda()#1}::operator()() const::{lambda()#3}::operator()() const::{lambda(float)#1})::{lambda(hiprandStatePhilox4_32_10*)#2}, at::native::templates::cuda::normal_kernel<at::CUDAGeneratorImpl*>(at::TensorBase const&, double, double, at::CUDAGeneratorImpl*)::{lambda()#1}::operator()() const::{lambda()#3}::operator()() const::{lambda(float)#1}>(at::TensorIteratorBase&, at::CUDAGeneratorImpl*, at::native::templates::cuda::normal_and_transform<c10::Half, float, at::CUDAGeneratorImpl*, at::native::templates::cuda::normal_kernel<at::CUDAGeneratorImpl*>(at::TensorBase const&, double, double, at::CUDAGeneratorImpl*)::{lambda()#1}::operator()() const::{lambda()#3}::operator()() const::{lambda(float)#1}>(at::TensorIteratorBase&, at::CUDAGeneratorImpl*, at::native::templates::cuda::normal_kernel<at::CUDAGeneratorImpl*>(at::TensorBase const&, double, double, at::CUDAGeneratorImpl*)::{lambda()#1}::operator()() const::{lambda()#3}::operator()() const::{lambda(float)#1})::{lambda(hiprandStatePhilox4_32_10*)#2} const&, at::native::templates::cuda::normal_kernel<at::CUDAGeneratorImpl*>(at::TensorBase const&, double, double, at::CUDAGeneratorImpl*)::{lambda()#1}::operator()() const::{lambda()#3}::operator()() const::{lambda(float)#1})::{lambda(int, float)#1})",9,474292222972226,474292223015164,0,0,256,1,1,622592,1,1
"KERNEL_DISPATCH",7,3,164043,10,26,"void at::native::(anonymous namespace)::distribution_elementwise_grid_stride_kernel<float, 4, at::native::templates::cuda::normal_and_transform<c10::Half, float, at::CUDAGeneratorImpl*, at::native::templates::cuda::normal_kernel<at::CUDAGeneratorImpl*>(at::TensorBase const&, double, double, at::CUDAGeneratorImpl*)::{lambda()#1}::operator()() const::{lambda()#3}::operator()() const::{lambda(float)#1}>(at::TensorIteratorBase&, at::CUDAGeneratorImpl*, at::native::templates::cuda::normal_kernel<at::CUDAGeneratorImpl*>(at::TensorBase const&, double, double, at::CUDAGeneratorImpl*)::{lambda()#1}::operator()() const::{lambda()#3}::operator()() const::{lambda(float)#1})::{lambda(hiprandStatePhilox4_32_10*)#2}, at::native::(anonymous namespace)::distribution_nullary_kernel<c10::Half, float, HIP_vector_type<float, 4u>, at::CUDAGeneratorImpl*, at::native::templates::cuda::normal_and_transform<c10::Half, float, at::CUDAGeneratorImpl*, at::native::templates::cuda::normal_kernel<at::CUDAGeneratorImpl*>(at::TensorBase const&, double, double, at::CUDAGeneratorImpl*)::{lambda()#1}::operator()() const::{lambda()#3}::operator()() const::{lambda(float)#1}>(at::TensorIteratorBase&, at::CUDAGeneratorImpl*, at::native::templates::cuda::normal_kernel<at::CUDAGeneratorImpl*>(at::TensorBase const&, double, double, at::CUDAGeneratorImpl*)::{lambda()#1}::operator()() const::{lambda()#3}::operator()() const::{lambda(float)#1})::{lambda(hiprandStatePhilox4_32_10*)#2}, at::native::templates::cuda::normal_kernel<at::CUDAGeneratorImpl*>(at::TensorBase const&, double, double, at::CUDAGeneratorImpl*)::{lambda()#1}::operator()() const::{lambda()#3}::operator()() const::{lambda(float)#1}>(at::TensorIteratorBase&, at::CUDAGeneratorImpl*, at::native::templates::cuda::normal_and_transform<c10::Half, float, at::CUDAGeneratorImpl*, at::native::templates::cuda::normal_kernel<at::CUDAGeneratorImpl*>(at::TensorBase const&, double, double, at::CUDAGeneratorImpl*)::{lambda()#1}::operator()() const::{lambda()#3}::operator()() const::{lambda(float)#1}>(at::TensorIteratorBase&, at::CUDAGeneratorImpl*, at::native::templates::cuda::normal_kernel<at::CUDAGeneratorImpl*>(at::TensorBase const&, double, double, at::CUDAGeneratorImpl*)::{lambda()#1}::operator()() const::{lambda()#3}::operator()() const::{lambda(float)#1})::{lambda(hiprandStatePhilox4_32_10*)#2} const&, at::native::templates::cuda::normal_kernel<at::CUDAGeneratorImpl*>(at::TensorBase const&, double, double, at::CUDAGeneratorImpl*)::{lambda()#1}::operator()() const::{lambda()#3}::operator()() const::{lambda(float)#1})::{lambda(int, float)#1}>(long, at::PhiloxCudaState, at::native::templates::cuda::normal_and_transform<c10::Half, float, at::CUDAGeneratorImpl*, at::native::templates::cuda::normal_kernel<at::CUDAGeneratorImpl*>(at::TensorBase const&, double, double, at::CUDAGeneratorImpl*)::{lambda()#1}::operator()() const::{lambda()#3}::operator()() const::{lambda(float)#1}>(at::TensorIteratorBase&, at::CUDAGeneratorImpl*, at::native::templates::cuda::normal_kernel<at::CUDAGeneratorImpl*>(at::TensorBase const&, double, double, at::CUDAGeneratorImpl*)::{lambda()#1}::operator()() const::{lambda()#3}::operator()() const::{lambda(float)#1})::{lambda(hiprandStatePhilox4_32_10*)#2}, at::native::(anonymous namespace)::distribution_nullary_kernel<c10::Half, float, HIP_vector_type<float, 4u>, at::CUDAGeneratorImpl*, at::native::templates::cuda::normal_and_transform<c10::Half, float, at::CUDAGeneratorImpl*, at::native::templates::cuda::normal_kernel<at::CUDAGeneratorImpl*>(at::TensorBase const&, double, double, at::CUDAGeneratorImpl*)::{lambda()#1}::operator()() const::{lambda()#3}::operator()() const::{lambda(float)#1}>(at::TensorIteratorBase&, at::CUDAGeneratorImpl*, at::native::templates::cuda::normal_kernel<at::CUDAGeneratorImpl*>(at::TensorBase const&, double, double, at::CUDAGeneratorImpl*)::{lambda()#1}::operator()() const::{lambda()#3}::operator()() const::{lambda(float)#1})::{lambda(hiprandStatePhilox4_32_10*)#2}, at::native::templates::cuda::normal_kernel<at::CUDAGeneratorImpl*>(at::TensorBase const&, double, double, at::CUDAGeneratorImpl*)::{lambda()#1}::operator()() const::{lambda()#3}::operator()() const::{lambda(float)#1}>(at::TensorIteratorBase&, at::CUDAGeneratorImpl*, at::native::templates::cuda::normal_and_transform<c10::Half, float, at::CUDAGeneratorImpl*, at::native::templates::cuda::normal_kernel<at::CUDAGeneratorImpl*>(at::TensorBase const&, double, double, at::CUDAGeneratorImpl*)::{lambda()#1}::operator()() const::{lambda()#3}::operator()() const::{lambda(float)#1}>(at::TensorIteratorBase&, at::CUDAGeneratorImpl*, at::native::templates::cuda::normal_kernel<at::CUDAGeneratorImpl*>(at::TensorBase const&, double, double, at::CUDAGeneratorImpl*)::{lambda()#1}::operator()() const::{lambda()#3}::operator()() const::{lambda(float)#1})::{lambda(hiprandStatePhilox4_32_10*)#2} const&, at::native::templates::cuda::normal_kernel<at::CUDAGeneratorImpl*>(at::TensorBase const&, double, double, at::CUDAGeneratorImpl*)::{lambda()#1}::operator()() const::{lambda()#3}::operator()() const::{lambda(float)#1})::{lambda(int, float)#1})",10,474292223015164,474292223020857,0,0,256,1,1,524288,1,1
"KERNEL_DISPATCH",7,3,164043,11,26,"void at::native::(anonymous namespace)::distribution_elementwise_grid_stride_kernel<float, 4, at::native::templates::cuda::normal_and_transform<c10::Half, float, at::CUDAGeneratorImpl*, at::native::templates::cuda::normal_kernel<at::CUDAGeneratorImpl*>(at::TensorBase const&, double, double, at::CUDAGeneratorImpl*)::{lambda()#1}::operator()() const::{lambda()#3}::operator()() const::{lambda(float)#1}>(at::TensorIteratorBase&, at::CUDAGeneratorImpl*, at::native::templates::cuda::normal_kernel<at::CUDAGeneratorImpl*>(at::TensorBase const&, double, double, at::CUDAGeneratorImpl*)::{lambda()#1}::operator()() const::{lambda()#3}::operator()() const::{lambda(float)#1})::{lambda(hiprandStatePhilox4_32_10*)#2}, at::native::(anonymous namespace)::distribution_nullary_kernel<c10::Half, float, HIP_vector_type<float, 4u>, at::CUDAGeneratorImpl*, at::native::templates::cuda::normal_and_transform<c10::Half, float, at::CUDAGeneratorImpl*, at::native::templates::cuda::normal_kernel<at::CUDAGeneratorImpl*>(at::TensorBase const&, double, double, at::CUDAGeneratorImpl*)::{lambda()#1}::operator()() const::{lambda()#3}::operator()() const::{lambda(float)#1}>(at::TensorIteratorBase&, at::CUDAGeneratorImpl*, at::native::templates::cuda::normal_kernel<at::CUDAGeneratorImpl*>(at::TensorBase const&, double, double, at::CUDAGeneratorImpl*)::{lambda()#1}::operator()() const::{lambda()#3}::operator()() const::{lambda(float)#1})::{lambda(hiprandStatePhilox4_32_10*)#2}, at::native::templates::cuda::normal_kernel<at::CUDAGeneratorImpl*>(at::TensorBase const&, double, double, at::CUDAGeneratorImpl*)::{lambda()#1}::operator()() const::{lambda()#3}::operator()() const::{lambda(float)#1}>(at::TensorIteratorBase&, at::CUDAGeneratorImpl*, at::native::templates::cuda::normal_and_transform<c10::Half, float, at::CUDAGeneratorImpl*, at::native::templates::cuda::normal_kernel<at::CUDAGeneratorImpl*>(at::TensorBase const&, double, double, at::CUDAGeneratorImpl*)::{lambda()#1}::operator()() const::{lambda()#3}::operator()() const::{lambda(float)#1}>(at::TensorIteratorBase&, at::CUDAGeneratorImpl*, at::native::templates::cuda::normal_kernel<at::CUDAGeneratorImpl*>(at::TensorBase const&, double, double, at::CUDAGeneratorImpl*)::{lambda()#1}::operator()() const::{lambda()#3}::operator()() const::{lambda(float)#1})::{lambda(hiprandStatePhilox4_32_10*)#2} const&, at::native::templates::cuda::normal_kernel<at::CUDAGeneratorImpl*>(at::TensorBase const&, double, double, at::CUDAGeneratorImpl*)::{lambda()#1}::operator()() const::{lambda()#3}::operator()() const::{lambda(float)#1})::{lambda(int, float)#1}>(long, at::PhiloxCudaState, at::native::templates::cuda::normal_and_transform<c10::Half, float, at::CUDAGeneratorImpl*, at::native::templates::cuda::normal_kernel<at::CUDAGeneratorImpl*>(at::TensorBase const&, double, double, at::CUDAGeneratorImpl*)::{lambda()#1}::operator()() const::{lambda()#3}::operator()() const::{lambda(float)#1}>(at::TensorIteratorBase&, at::CUDAGeneratorImpl*, at::native::templates::cuda::normal_kernel<at::CUDAGeneratorImpl*>(at::TensorBase const&, double, double, at::CUDAGeneratorImpl*)::{lambda()#1}::operator()() const::{lambda()#3}::operator()() const::{lambda(float)#1})::{lambda(hiprandStatePhilox4_32_10*)#2}, at::native::(anonymous namespace)::distribution_nullary_kernel<c10::Half, float, HIP_vector_type<float, 4u>, at::CUDAGeneratorImpl*, at::native::templates::cuda::normal_and_transform<c10::Half, float, at::CUDAGeneratorImpl*, at::native::templates::cuda::normal_kernel<at::CUDAGeneratorImpl*>(at::TensorBase const&, double, double, at::CUDAGeneratorImpl*)::{lambda()#1}::operator()() const::{lambda()#3}::operator()() const::{lambda(float)#1}>(at::TensorIteratorBase&, at::CUDAGeneratorImpl*, at::native::templates::cuda::normal_kernel<at::CUDAGeneratorImpl*>(at::TensorBase const&, double, double, at::CUDAGeneratorImpl*)::{lambda()#1}::operator()() const::{lambda()#3}::operator()() const::{lambda(float)#1})::{lambda(hiprandStatePhilox4_32_10*)#2}, at::native::templates::cuda::normal_kernel<at::CUDAGeneratorImpl*>(at::TensorBase const&, double, double, at::CUDAGeneratorImpl*)::{lambda()#1}::operator()() const::{lambda()#3}::operator()() const::{lambda(float)#1}>(at::TensorIteratorBase&, at::CUDAGeneratorImpl*, at::native::templates::cuda::normal_and_transform<c10::Half, float, at::CUDAGeneratorImpl*, at::native::templates::cuda::normal_kernel<at::CUDAGeneratorImpl*>(at::TensorBase const&, double, double, at::CUDAGeneratorImpl*)::{lambda()#1}::operator()() const::{lambda()#3}::operator()() const::{lambda(float)#1}>(at::TensorIteratorBase&, at::CUDAGeneratorImpl*, at::native::templates::cuda::normal_kernel<at::CUDAGeneratorImpl*>(at::TensorBase const&, double, double, at::CUDAGeneratorImpl*)::{lambda()#1}::operator()() const::{lambda()#3}::operator()() const::{lambda(float)#1})::{lambda(hiprandStatePhilox4_32_10*)#2} const&, at::native::templates::cuda::normal_kernel<at::CUDAGeneratorImpl*>(at::TensorBase const&, double, double, at::CUDAGeneratorImpl*)::{lambda()#1}::operator()() const::{lambda()#3}::operator()() const::{lambda(float)#1})::{lambda(int, float)#1})",11,474292223020857,474292223026309,0,0,256,1,1,262144,1,1
"KERNEL_DISPATCH",7,3,164043,12,26,"void at::native::(anonymous namespace)::distribution_elementwise_grid_stride_kernel<float, 4, at::native::templates::cuda::normal_and_transform<c10::Half, float, at::CUDAGeneratorImpl*, at::native::templates::cuda::normal_kernel<at::CUDAGeneratorImpl*>(at::TensorBase const&, double, double, at::CUDAGeneratorImpl*)::{lambda()#1}::operator()() const::{lambda()#3}::operator()() const::{lambda(float)#1}>(at::TensorIteratorBase&, at::CUDAGeneratorImpl*, at::native::templates::cuda::normal_kernel<at::CUDAGeneratorImpl*>(at::TensorBase const&, double, double, at::CUDAGeneratorImpl*)::{lambda()#1}::operator()() const::{lambda()#3}::operator()() const::{lambda(float)#1})::{lambda(hiprandStatePhilox4_32_10*)#2}, at::native::(anonymous namespace)::distribution_nullary_kernel<c10::Half, float, HIP_vector_type<float, 4u>, at::CUDAGeneratorImpl*, at::native::templates::cuda::normal_and_transform<c10::Half, float, at::CUDAGeneratorImpl*, at::native::templates::cuda::normal_kernel<at::CUDAGeneratorImpl*>(at::TensorBase const&, double, double, at::CUDAGeneratorImpl*)::{lambda()#1}::operator()() const::{lambda()#3}::operator()() const::{lambda(float)#1}>(at::TensorIteratorBase&, at::CUDAGeneratorImpl*, at::native::templates::cuda::normal_kernel<at::CUDAGeneratorImpl*>(at::TensorBase const&, double, double, at::CUDAGeneratorImpl*)::{lambda()#1}::operator()() const::{lambda()#3}::operator()() const::{lambda(float)#1})::{lambda(hiprandStatePhilox4_32_10*)#2}, at::native::templates::cuda::normal_kernel<at::CUDAGeneratorImpl*>(at::TensorBase const&, double, double, at::CUDAGeneratorImpl*)::{lambda()#1}::operator()() const::{lambda()#3}::operator()() const::{lambda(float)#1}>(at::TensorIteratorBase&, at::CUDAGeneratorImpl*, at::native::templates::cuda::normal_and_transform<c10::Half, float, at::CUDAGeneratorImpl*, at::native::templates::cuda::normal_kernel<at::CUDAGeneratorImpl*>(at::TensorBase const&, double, double, at::CUDAGeneratorImpl*)::{lambda()#1}::operator()() const::{lambda()#3}::operator()() const::{lambda(float)#1}>(at::TensorIteratorBase&, at::CUDAGeneratorImpl*, at::native::templates::cuda::normal_kernel<at::CUDAGeneratorImpl*>(at::TensorBase const&, double, double, at::CUDAGeneratorImpl*)::{lambda()#1}::operator()() const::{lambda()#3}::operator()() const::{lambda(float)#1})::{lambda(hiprandStatePhilox4_32_10*)#2} const&, at::native::templates::cuda::normal_kernel<at::CUDAGeneratorImpl*>(at::TensorBase const&, double, double, at::CUDAGeneratorImpl*)::{lambda()#1}::operator()() const::{lambda()#3}::operator()() const::{lambda(float)#1})::{lambda(int, float)#1}>(long, at::PhiloxCudaState, at::native::templates::cuda::normal_and_transform<c10::Half, float, at::CUDAGeneratorImpl*, at::native::templates::cuda::normal_kernel<at::CUDAGeneratorImpl*>(at::TensorBase const&, double, double, at::CUDAGeneratorImpl*)::{lambda()#1}::operator()() const::{lambda()#3}::operator()() const::{lambda(float)#1}>(at::TensorIteratorBase&, at::CUDAGeneratorImpl*, at::native::templates::cuda::normal_kernel<at::CUDAGeneratorImpl*>(at::TensorBase const&, double, double, at::CUDAGeneratorImpl*)::{lambda()#1}::operator()() const::{lambda()#3}::operator()() const::{lambda(float)#1})::{lambda(hiprandStatePhilox4_32_10*)#2}, at::native::(anonymous namespace)::distribution_nullary_kernel<c10::Half, float, HIP_vector_type<float, 4u>, at::CUDAGeneratorImpl*, at::native::templates::cuda::normal_and_transform<c10::Half, float, at::CUDAGeneratorImpl*, at::native::templates::cuda::normal_kernel<at::CUDAGeneratorImpl*>(at::TensorBase const&, double, double, at::CUDAGeneratorImpl*)::{lambda()#1}::operator()() const::{lambda()#3}::operator()() const::{lambda(float)#1}>(at::TensorIteratorBase&, at::CUDAGeneratorImpl*, at::native::templates::cuda::normal_kernel<at::CUDAGeneratorImpl*>(at::TensorBase const&, double, double, at::CUDAGeneratorImpl*)::{lambda()#1}::operator()() const::{lambda()#3}::operator()() const::{lambda(float)#1})::{lambda(hiprandStatePhilox4_32_10*)#2}, at::native::templates::cuda::normal_kernel<at::CUDAGeneratorImpl*>(at::TensorBase const&, double, double, at::CUDAGeneratorImpl*)::{lambda()#1}::operator()() const::{lambda()#3}::operator()() const::{lambda(float)#1}>(at::TensorIteratorBase&, at::CUDAGeneratorImpl*, at::native::templates::cuda::normal_and_transform<c10::Half, float, at::CUDAGeneratorImpl*, at::native::templates::cuda::normal_kernel<at::CUDAGeneratorImpl*>(at::TensorBase const&, double, double, at::CUDAGeneratorImpl*)::{lambda()#1}::operator()() const::{lambda()#3}::operator()() const::{lambda(float)#1}>(at::TensorIteratorBase&, at::CUDAGeneratorImpl*, at::native::templates::cuda::normal_kernel<at::CUDAGeneratorImpl*>(at::TensorBase const&, double, double, at::CUDAGeneratorImpl*)::{lambda()#1}::operator()() const::{lambda()#3}::operator()() const::{lambda(float)#1})::{lambda(hiprandStatePhilox4_32_10*)#2} const&, at::native::templates::cuda::normal_kernel<at::CUDAGeneratorImpl*>(at::TensorBase const&, double, double, at::CUDAGeneratorImpl*)::{lambda()#1}::operator()() const::{lambda()#3}::operator()() const::{lambda(float)#1})::{lambda(int, float)#1})",12,474292223026309,474292223031361,0,0,256,1,1,262144,1,1
"KERNEL_DISPATCH",7,3,164043,13,26,"void at::native::(anonymous namespace)::distribution_elementwise_grid_stride_kernel<float, 4, at::native::templates::cuda::normal_and_transform<c10::Half, float, at::CUDAGeneratorImpl*, at::native::templates::cuda::normal_kernel<at::CUDAGeneratorImpl*>(at::TensorBase const&, double, double, at::CUDAGeneratorImpl*)::{lambda()#1}::operator()() const::{lambda()#3}::operator()() const::{lambda(float)#1}>(at::TensorIteratorBase&, at::CUDAGeneratorImpl*, at::native::templates::cuda::normal_kernel<at::CUDAGeneratorImpl*>(at::TensorBase const&, double, double, at::CUDAGeneratorImpl*)::{lambda()#1}::operator()() const::{lambda()#3}::operator()() const::{lambda(float)#1})::{lambda(hiprandStatePhilox4_32_10*)#2}, at::native::(anonymous namespace)::distribution_nullary_kernel<c10::Half, float, HIP_vector_type<float, 4u>, at::CUDAGeneratorImpl*, at::native::templates::cuda::normal_and_transform<c10::Half, float, at::CUDAGeneratorImpl*, at::native::templates::cuda::normal_kernel<at::CUDAGeneratorImpl*>(at::TensorBase const&, double, double, at::CUDAGeneratorImpl*)::{lambda()#1}::operator()() const::{lambda()#3}::operator()() const::{lambda(float)#1}>(at::TensorIteratorBase&, at::CUDAGeneratorImpl*, at::native::templates::cuda::normal_kernel<at::CUDAGeneratorImpl*>(at::TensorBase const&, double, double, at::CUDAGeneratorImpl*)::{lambda()#1}::operator()() const::{lambda()#3}::operator()() const::{lambda(float)#1})::{lambda(hiprandStatePhilox4_32_10*)#2}, at::native::templates::cuda::normal_kernel<at::CUDAGeneratorImpl*>(at::TensorBase const&, double, double, at::CUDAGeneratorImpl*)::{lambda()#1}::operator()() const::{lambda()#3}::operator()() const::{lambda(float)#1}>(at::TensorIteratorBase&, at::CUDAGeneratorImpl*, at::native::templates::cuda::normal_and_transform<c10::Half, float, at::CUDAGeneratorImpl*, at::native::templates::cuda::normal_kernel<at::CUDAGeneratorImpl*>(at::TensorBase const&, double, double, at::CUDAGeneratorImpl*)::{lambda()#1}::operator()() const::{lambda()#3}::operator()() const::{lambda(float)#1}>(at::TensorIteratorBase&, at::CUDAGeneratorImpl*, at::native::templates::cuda::normal_kernel<at::CUDAGeneratorImpl*>(at::TensorBase const&, double, double, at::CUDAGeneratorImpl*)::{lambda()#1}::operator()() const::{lambda()#3}::operator()() const::{lambda(float)#1})::{lambda(hiprandStatePhilox4_32_10*)#2} const&, at::native::templates::cuda::normal_kernel<at::CUDAGeneratorImpl*>(at::TensorBase const&, double, double, at::CUDAGeneratorImpl*)::{lambda()#1}::operator()() const::{lambda()#3}::operator()() const::{lambda(float)#1})::{lambda(int, float)#1}>(long, at::PhiloxCudaState, at::native::templates::cuda::normal_and_transform<c10::Half, float, at::CUDAGeneratorImpl*, at::native::templates::cuda::normal_kernel<at::CUDAGeneratorImpl*>(at::TensorBase const&, double, double, at::CUDAGeneratorImpl*)::{lambda()#1}::operator()() const::{lambda()#3}::operator()() const::{lambda(float)#1}>(at::TensorIteratorBase&, at::CUDAGeneratorImpl*, at::native::templates::cuda::normal_kernel<at::CUDAGeneratorImpl*>(at::TensorBase const&, double, double, at::CUDAGeneratorImpl*)::{lambda()#1}::operator()() const::{lambda()#3}::operator()() const::{lambda(float)#1})::{lambda(hiprandStatePhilox4_32_10*)#2}, at::native::(anonymous namespace)::distribution_nullary_kernel<c10::Half, float, HIP_vector_type<float, 4u>, at::CUDAGeneratorImpl*, at::native::templates::cuda::normal_and_transform<c10::Half, float, at::CUDAGeneratorImpl*, at::native::templates::cuda::normal_kernel<at::CUDAGeneratorImpl*>(at::TensorBase const&, double, double, at::CUDAGeneratorImpl*)::{lambda()#1}::operator()() const::{lambda()#3}::operator()() const::{lambda(float)#1}>(at::TensorIteratorBase&, at::CUDAGeneratorImpl*, at::native::templates::cuda::normal_kernel<at::CUDAGeneratorImpl*>(at::TensorBase const&, double, double, at::CUDAGeneratorImpl*)::{lambda()#1}::operator()() const::{lambda()#3}::operator()() const::{lambda(float)#1})::{lambda(hiprandStatePhilox4_32_10*)#2}, at::native::templates::cuda::normal_kernel<at::CUDAGeneratorImpl*>(at::TensorBase const&, double, double, at::CUDAGeneratorImpl*)::{lambda()#1}::operator()() const::{lambda()#3}::operator()() const::{lambda(float)#1}>(at::TensorIteratorBase&, at::CUDAGeneratorImpl*, at::native::templates::cuda::normal_and_transform<c10::Half, float, at::CUDAGeneratorImpl*, at::native::templates::cuda::normal_kernel<at::CUDAGeneratorImpl*>(at::TensorBase const&, double, double, at::CUDAGeneratorImpl*)::{lambda()#1}::operator()() const::{lambda()#3}::operator()() const::{lambda(float)#1}>(at::TensorIteratorBase&, at::CUDAGeneratorImpl*, at::native::templates::cuda::normal_kernel<at::CUDAGeneratorImpl*>(at::TensorBase const&, double, double, at::CUDAGeneratorImpl*)::{lambda()#1}::operator()() const::{lambda()#3}::operator()() const::{lambda(float)#1})::{lambda(hiprandStatePhilox4_32_10*)#2} const&, at::native::templates::cuda::normal_kernel<at::CUDAGeneratorImpl*>(at::TensorBase const&, double, double, at::CUDAGeneratorImpl*)::{lambda()#1}::operator()() const::{lambda()#3}::operator()() const::{lambda(float)#1})::{lambda(int, float)#1})",13,474292223031361,474292223090697,0,0,256,1,1,622592,1,1
"KERNEL_DISPATCH",7,3,164043,14,26,"void at::native::(anonymous namespace)::distribution_elementwise_grid_stride_kernel<float, 4, at::native::templates::cuda::normal_and_transform<c10::Half, float, at::CUDAGeneratorImpl*, at::native::templates::cuda::normal_kernel<at::CUDAGeneratorImpl*>(at::TensorBase const&, double, double, at::CUDAGeneratorImpl*)::{lambda()#1}::operator()() const::{lambda()#3}::operator()() const::{lambda(float)#1}>(at::TensorIteratorBase&, at::CUDAGeneratorImpl*, at::native::templates::cuda::normal_kernel<at::CUDAGeneratorImpl*>(at::TensorBase const&, double, double, at::CUDAGeneratorImpl*)::{lambda()#1}::operator()() const::{lambda()#3}::operator()() const::{lambda(float)#1})::{lambda(hiprandStatePhilox4_32_10*)#2}, at::native::(anonymous namespace)::distribution_nullary_kernel<c10::Half, float, HIP_vector_type<float, 4u>, at::CUDAGeneratorImpl*, at::native::templates::cuda::normal_and_transform<c10::Half, float, at::CUDAGeneratorImpl*, at::native::templates::cuda::normal_kernel<at::CUDAGeneratorImpl*>(at::TensorBase const&, double, double, at::CUDAGeneratorImpl*)::{lambda()#1}::operator()() const::{lambda()#3}::operator()() const::{lambda(float)#1}>(at::TensorIteratorBase&, at::CUDAGeneratorImpl*, at::native::templates::cuda::normal_kernel<at::CUDAGeneratorImpl*>(at::TensorBase const&, double, double, at::CUDAGeneratorImpl*)::{lambda()#1}::operator()() const::{lambda()#3}::operator()() const::{lambda(float)#1})::{lambda(hiprandStatePhilox4_32_10*)#2}, at::native::templates::cuda::normal_kernel<at::CUDAGeneratorImpl*>(at::TensorBase const&, double, double, at::CUDAGeneratorImpl*)::{lambda()#1}::operator()() const::{lambda()#3}::operator()() const::{lambda(float)#1}>(at::TensorIteratorBase&, at::CUDAGeneratorImpl*, at::native::templates::cuda::normal_and_transform<c10::Half, float, at::CUDAGeneratorImpl*, at::native::templates::cuda::normal_kernel<at::CUDAGeneratorImpl*>(at::TensorBase const&, double, double, at::CUDAGeneratorImpl*)::{lambda()#1}::operator()() const::{lambda()#3}::operator()() const::{lambda(float)#1}>(at::TensorIteratorBase&, at::CUDAGeneratorImpl*, at::native::templates::cuda::normal_kernel<at::CUDAGeneratorImpl*>(at::TensorBase const&, double, double, at::CUDAGeneratorImpl*)::{lambda()#1}::operator()() const::{lambda()#3}::operator()() const::{lambda(float)#1})::{lambda(hiprandStatePhilox4_32_10*)#2} const&, at::native::templates::cuda::normal_kernel<at::CUDAGeneratorImpl*>(at::TensorBase const&, double, double, at::CUDAGeneratorImpl*)::{lambda()#1}::operator()() const::{lambda()#3}::operator()() const::{lambda(float)#1})::{lambda(int, float)#1}>(long, at::PhiloxCudaState, at::native::templates::cuda::normal_and_transform<c10::Half, float, at::CUDAGeneratorImpl*, at::native::templates::cuda::normal_kernel<at::CUDAGeneratorImpl*>(at::TensorBase const&, double, double, at::CUDAGeneratorImpl*)::{lambda()#1}::operator()() const::{lambda()#3}::operator()() const::{lambda(float)#1}>(at::TensorIteratorBase&, at::CUDAGeneratorImpl*, at::native::templates::cuda::normal_kernel<at::CUDAGeneratorImpl*>(at::TensorBase const&, double, double, at::CUDAGeneratorImpl*)::{lambda()#1}::operator()() const::{lambda()#3}::operator()() const::{lambda(float)#1})::{lambda(hiprandStatePhilox4_32_10*)#2}, at::native::(anonymous namespace)::distribution_nullary_kernel<c10::Half, float, HIP_vector_type<float, 4u>, at::CUDAGeneratorImpl*, at::native::templates::cuda::normal_and_transform<c10::Half, float, at::CUDAGeneratorImpl*, at::native::templates::cuda::normal_kernel<at::CUDAGeneratorImpl*>(at::TensorBase const&, double, double, at::CUDAGeneratorImpl*)::{lambda()#1}::operator()() const::{lambda()#3}::operator()() const::{lambda(float)#1}>(at::TensorIteratorBase&, at::CUDAGeneratorImpl*, at::native::templates::cuda::normal_kernel<at::CUDAGeneratorImpl*>(at::TensorBase const&, double, double, at::CUDAGeneratorImpl*)::{lambda()#1}::operator()() const::{lambda()#3}::operator()() const::{lambda(float)#1})::{lambda(hiprandStatePhilox4_32_10*)#2}, at::native::templates::cuda::normal_kernel<at::CUDAGeneratorImpl*>(at::TensorBase const&, double, double, at::CUDAGeneratorImpl*)::{lambda()#1}::operator()() const::{lambda()#3}::operator()() const::{lambda(float)#1}>(at::TensorIteratorBase&, at::CUDAGeneratorImpl*, at::native::templates::cuda::normal_and_transform<c10::Half, float, at::CUDAGeneratorImpl*, at::native::templates::cuda::normal_kernel<at::CUDAGeneratorImpl*>(at::TensorBase const&, double, double, at::CUDAGeneratorImpl*)::{lambda()#1}::operator()() const::{lambda()#3}::operator()() const::{lambda(float)#1}>(at::TensorIteratorBase&, at::CUDAGeneratorImpl*, at::native::templates::cuda::normal_kernel<at::CUDAGeneratorImpl*>(at::TensorBase const&, double, double, at::CUDAGeneratorImpl*)::{lambda()#1}::operator()() const::{lambda()#3}::operator()() const::{lambda(float)#1})::{lambda(hiprandStatePhilox4_32_10*)#2} const&, at::native::templates::cuda::normal_kernel<at::CUDAGeneratorImpl*>(at::TensorBase const&, double, double, at::CUDAGeneratorImpl*)::{lambda()#1}::operator()() const::{lambda()#3}::operator()() const::{lambda(float)#1})::{lambda(int, float)#1})",14,474292223094786,474292223134597,0,0,256,1,1,622592,1,1
"KERNEL_DISPATCH",7,3,164043,15,26,"void at::native::(anonymous namespace)::distribution_elementwise_grid_stride_kernel<float, 4, at::native::templates::cuda::normal_and_transform<c10::Half, float, at::CUDAGeneratorImpl*, at::native::templates::cuda::normal_kernel<at::CUDAGeneratorImpl*>(at::TensorBase const&, double, double, at::CUDAGeneratorImpl*)::{lambda()#1}::operator()() const::{lambda()#3}::operator()() const::{lambda(float)#1}>(at::TensorIteratorBase&, at::CUDAGeneratorImpl*, at::native::templates::cuda::normal_kernel<at::CUDAGeneratorImpl*>(at::TensorBase const&, double, double, at::CUDAGeneratorImpl*)::{lambda()#1}::operator()() const::{lambda()#3}::operator()() const::{lambda(float)#1})::{lambda(hiprandStatePhilox4_32_10*)#2}, at::native::(anonymous namespace)::distribution_nullary_kernel<c10::Half, float, HIP_vector_type<float, 4u>, at::CUDAGeneratorImpl*, at::native::templates::cuda::normal_and_transform<c10::Half, float, at::CUDAGeneratorImpl*, at::native::templates::cuda::normal_kernel<at::CUDAGeneratorImpl*>(at::TensorBase const&, double, double, at::CUDAGeneratorImpl*)::{lambda()#1}::operator()() const::{lambda()#3}::operator()() const::{lambda(float)#1}>(at::TensorIteratorBase&, at::CUDAGeneratorImpl*, at::native::templates::cuda::normal_kernel<at::CUDAGeneratorImpl*>(at::TensorBase const&, double, double, at::CUDAGeneratorImpl*)::{lambda()#1}::operator()() const::{lambda()#3}::operator()() const::{lambda(float)#1})::{lambda(hiprandStatePhilox4_32_10*)#2}, at::native::templates::cuda::normal_kernel<at::CUDAGeneratorImpl*>(at::TensorBase const&, double, double, at::CUDAGeneratorImpl*)::{lambda()#1}::operator()() const::{lambda()#3}::operator()() const::{lambda(float)#1}>(at::TensorIteratorBase&, at::CUDAGeneratorImpl*, at::native::templates::cuda::normal_and_transform<c10::Half, float, at::CUDAGeneratorImpl*, at::native::templates::cuda::normal_kernel<at::CUDAGeneratorImpl*>(at::TensorBase const&, double, double, at::CUDAGeneratorImpl*)::{lambda()#1}::operator()() const::{lambda()#3}::operator()() const::{lambda(float)#1}>(at::TensorIteratorBase&, at::CUDAGeneratorImpl*, at::native::templates::cuda::normal_kernel<at::CUDAGeneratorImpl*>(at::TensorBase const&, double, double, at::CUDAGeneratorImpl*)::{lambda()#1}::operator()() const::{lambda()#3}::operator()() const::{lambda(float)#1})::{lambda(hiprandStatePhilox4_32_10*)#2} const&, at::native::templates::cuda::normal_kernel<at::CUDAGeneratorImpl*>(at::TensorBase const&, double, double, at::CUDAGeneratorImpl*)::{lambda()#1}::operator()() const::{lambda()#3}::operator()() const::{lambda(float)#1})::{lambda(int, float)#1}>(long, at::PhiloxCudaState, at::native::templates::cuda::normal_and_transform<c10::Half, float, at::CUDAGeneratorImpl*, at::native::templates::cuda::normal_kernel<at::CUDAGeneratorImpl*>(at::TensorBase const&, double, double, at::CUDAGeneratorImpl*)::{lambda()#1}::operator()() const::{lambda()#3}::operator()() const::{lambda(float)#1}>(at::TensorIteratorBase&, at::CUDAGeneratorImpl*, at::native::templates::cuda::normal_kernel<at::CUDAGeneratorImpl*>(at::TensorBase const&, double, double, at::CUDAGeneratorImpl*)::{lambda()#1}::operator()() const::{lambda()#3}::operator()() const::{lambda(float)#1})::{lambda(hiprandStatePhilox4_32_10*)#2}, at::native::(anonymous namespace)::distribution_nullary_kernel<c10::Half, float, HIP_vector_type<float, 4u>, at::CUDAGeneratorImpl*, at::native::templates::cuda::normal_and_transform<c10::Half, float, at::CUDAGeneratorImpl*, at::native::templates::cuda::normal_kernel<at::CUDAGeneratorImpl*>(at::TensorBase const&, double, double, at::CUDAGeneratorImpl*)::{lambda()#1}::operator()() const::{lambda()#3}::operator()() const::{lambda(float)#1}>(at::TensorIteratorBase&, at::CUDAGeneratorImpl*, at::native::templates::cuda::normal_kernel<at::CUDAGeneratorImpl*>(at::TensorBase const&, double, double, at::CUDAGeneratorImpl*)::{lambda()#1}::operator()() const::{lambda()#3}::operator()() const::{lambda(float)#1})::{lambda(hiprandStatePhilox4_32_10*)#2}, at::native::templates::cuda::normal_kernel<at::CUDAGeneratorImpl*>(at::TensorBase const&, double, double, at::CUDAGeneratorImpl*)::{lambda()#1}::operator()() const::{lambda()#3}::operator()() const::{lambda(float)#1}>(at::TensorIteratorBase&, at::CUDAGeneratorImpl*, at::native::templates::cuda::normal_and_transform<c10::Half, float, at::CUDAGeneratorImpl*, at::native::templates::cuda::normal_kernel<at::CUDAGeneratorImpl*>(at::TensorBase const&, double, double, at::CUDAGeneratorImpl*)::{lambda()#1}::operator()() const::{lambda()#3}::operator()() const::{lambda(float)#1}>(at::TensorIteratorBase&, at::CUDAGeneratorImpl*, at::native::templates::cuda::normal_kernel<at::CUDAGeneratorImpl*>(at::TensorBase const&, double, double, at::CUDAGeneratorImpl*)::{lambda()#1}::operator()() const::{lambda()#3}::operator()() const::{lambda(float)#1})::{lambda(hiprandStatePhilox4_32_10*)#2} const&, at::native::templates::cuda::normal_kernel<at::CUDAGeneratorImpl*>(at::TensorBase const&, double, double, at::CUDAGeneratorImpl*)::{lambda()#1}::operator()() const::{lambda()#3}::operator()() const::{lambda(float)#1})::{lambda(int, float)#1})",15,474292223138686,474292223178337,0,0,256,1,1,622592,1,1
"KERNEL_DISPATCH",7,3,164043,16,26,"void at::native::(anonymous namespace)::distribution_elementwise_grid_stride_kernel<float, 4, at::native::templates::cuda::normal_and_transform<c10::Half, float, at::CUDAGeneratorImpl*, at::native::templates::cuda::normal_kernel<at::CUDAGeneratorImpl*>(at::TensorBase const&, double, double, at::CUDAGeneratorImpl*)::{lambda()#1}::operator()() const::{lambda()#3}::operator()() const::{lambda(float)#1}>(at::TensorIteratorBase&, at::CUDAGeneratorImpl*, at::native::templates::cuda::normal_kernel<at::CUDAGeneratorImpl*>(at::TensorBase const&, double, double, at::CUDAGeneratorImpl*)::{lambda()#1}::operator()() const::{lambda()#3}::operator()() const::{lambda(float)#1})::{lambda(hiprandStatePhilox4_32_10*)#2}, at::native::(anonymous namespace)::distribution_nullary_kernel<c10::Half, float, HIP_vector_type<float, 4u>, at::CUDAGeneratorImpl*, at::native::templates::cuda::normal_and_transform<c10::Half, float, at::CUDAGeneratorImpl*, at::native::templates::cuda::normal_kernel<at::CUDAGeneratorImpl*>(at::TensorBase const&, double, double, at::CUDAGeneratorImpl*)::{lambda()#1}::operator()() const::{lambda()#3}::operator()() const::{lambda(float)#1}>(at::TensorIteratorBase&, at::CUDAGeneratorImpl*, at::native::templates::cuda::normal_kernel<at::CUDAGeneratorImpl*>(at::TensorBase const&, double, double, at::CUDAGeneratorImpl*)::{lambda()#1}::operator()() const::{lambda()#3}::operator()() const::{lambda(float)#1})::{lambda(hiprandStatePhilox4_32_10*)#2}, at::native::templates::cuda::normal_kernel<at::CUDAGeneratorImpl*>(at::TensorBase const&, double, double, at::CUDAGeneratorImpl*)::{lambda()#1}::operator()() const::{lambda()#3}::operator()() const::{lambda(float)#1}>(at::TensorIteratorBase&, at::CUDAGeneratorImpl*, at::native::templates::cuda::normal_and_transform<c10::Half, float, at::CUDAGeneratorImpl*, at::native::templates::cuda::normal_kernel<at::CUDAGeneratorImpl*>(at::TensorBase const&, double, double, at::CUDAGeneratorImpl*)::{lambda()#1}::operator()() const::{lambda()#3}::operator()() const::{lambda(float)#1}>(at::TensorIteratorBase&, at::CUDAGeneratorImpl*, at::native::templates::cuda::normal_kernel<at::CUDAGeneratorImpl*>(at::TensorBase const&, double, double, at::CUDAGeneratorImpl*)::{lambda()#1}::operator()() const::{lambda()#3}::operator()() const::{lambda(float)#1})::{lambda(hiprandStatePhilox4_32_10*)#2} const&, at::native::templates::cuda::normal_kernel<at::CUDAGeneratorImpl*>(at::TensorBase const&, double, double, at::CUDAGeneratorImpl*)::{lambda()#1}::operator()() const::{lambda()#3}::operator()() const::{lambda(float)#1})::{lambda(int, float)#1}>(long, at::PhiloxCudaState, at::native::templates::cuda::normal_and_transform<c10::Half, float, at::CUDAGeneratorImpl*, at::native::templates::cuda::normal_kernel<at::CUDAGeneratorImpl*>(at::TensorBase const&, double, double, at::CUDAGeneratorImpl*)::{lambda()#1}::operator()() const::{lambda()#3}::operator()() const::{lambda(float)#1}>(at::TensorIteratorBase&, at::CUDAGeneratorImpl*, at::native::templates::cuda::normal_kernel<at::CUDAGeneratorImpl*>(at::TensorBase const&, double, double, at::CUDAGeneratorImpl*)::{lambda()#1}::operator()() const::{lambda()#3}::operator()() const::{lambda(float)#1})::{lambda(hiprandStatePhilox4_32_10*)#2}, at::native::(anonymous namespace)::distribution_nullary_kernel<c10::Half, float, HIP_vector_type<float, 4u>, at::CUDAGeneratorImpl*, at::native::templates::cuda::normal_and_transform<c10::Half, float, at::CUDAGeneratorImpl*, at::native::templates::cuda::normal_kernel<at::CUDAGeneratorImpl*>(at::TensorBase const&, double, double, at::CUDAGeneratorImpl*)::{lambda()#1}::operator()() const::{lambda()#3}::operator()() const::{lambda(float)#1}>(at::TensorIteratorBase&, at::CUDAGeneratorImpl*, at::native::templates::cuda::normal_kernel<at::CUDAGeneratorImpl*>(at::TensorBase const&, double, double, at::CUDAGeneratorImpl*)::{lambda()#1}::operator()() const::{lambda()#3}::operator()() const::{lambda(float)#1})::{lambda(hiprandStatePhilox4_32_10*)#2}, at::native::templates::cuda::normal_kernel<at::CUDAGeneratorImpl*>(at::TensorBase const&, double, double, at::CUDAGeneratorImpl*)::{lambda()#1}::operator()() const::{lambda()#3}::operator()() const::{lambda(float)#1}>(at::TensorIteratorBase&, at::CUDAGeneratorImpl*, at::native::templates::cuda::normal_and_transform<c10::Half, float, at::CUDAGeneratorImpl*, at::native::templates::cuda::normal_kernel<at::CUDAGeneratorImpl*>(at::TensorBase const&, double, double, at::CUDAGeneratorImpl*)::{lambda()#1}::operator()() const::{lambda()#3}::operator()() const::{lambda(float)#1}>(at::TensorIteratorBase&, at::CUDAGeneratorImpl*, at::native::templates::cuda::normal_kernel<at::CUDAGeneratorImpl*>(at::TensorBase const&, double, double, at::CUDAGeneratorImpl*)::{lambda()#1}::operator()() const::{lambda()#3}::operator()() const::{lambda(float)#1})::{lambda(hiprandStatePhilox4_32_10*)#2} const&, at::native::templates::cuda::normal_kernel<at::CUDAGeneratorImpl*>(at::TensorBase const&, double, double, at::CUDAGeneratorImpl*)::{lambda()#1}::operator()() const::{lambda()#3}::operator()() const::{lambda(float)#1})::{lambda(int, float)#1})",16,474292223182306,474292223187598,0,0,256,1,1,524288,1,1
"KERNEL_DISPATCH",7,3,164043,17,26,"void at::native::(anonymous namespace)::distribution_elementwise_grid_stride_kernel<float, 4, at::native::templates::cuda::normal_and_transform<c10::Half, float, at::CUDAGeneratorImpl*, at::native::templates::cuda::normal_kernel<at::CUDAGeneratorImpl*>(at::TensorBase const&, double, double, at::CUDAGeneratorImpl*)::{lambda()#1}::operator()() const::{lambda()#3}::operator()() const::{lambda(float)#1}>(at::TensorIteratorBase&, at::CUDAGeneratorImpl*, at::native::templates::cuda::normal_kernel<at::CUDAGeneratorImpl*>(at::TensorBase const&, double, double, at::CUDAGeneratorImpl*)::{lambda()#1}::operator()() const::{lambda()#3}::operator()() const::{lambda(float)#1})::{lambda(hiprandStatePhilox4_32_10*)#2}, at::native::(anonymous namespace)::distribution_nullary_kernel<c10::Half, float, HIP_vector_type<float, 4u>, at::CUDAGeneratorImpl*, at::native::templates::cuda::normal_and_transform<c10::Half, float, at::CUDAGeneratorImpl*, at::native::templates::cuda::normal_kernel<at::CUDAGeneratorImpl*>(at::TensorBase const&, double, double, at::CUDAGeneratorImpl*)::{lambda()#1}::operator()() const::{lambda()#3}::operator()() const::{lambda(float)#1}>(at::TensorIteratorBase&, at::CUDAGeneratorImpl*, at::native::templates::cuda::normal_kernel<at::CUDAGeneratorImpl*>(at::TensorBase const&, double, double, at::CUDAGeneratorImpl*)::{lambda()#1}::operator()() const::{lambda()#3}::operator()() const::{lambda(float)#1})::{lambda(hiprandStatePhilox4_32_10*)#2}, at::native::templates::cuda::normal_kernel<at::CUDAGeneratorImpl*>(at::TensorBase const&, double, double, at::CUDAGeneratorImpl*)::{lambda()#1}::operator()() const::{lambda()#3}::operator()() const::{lambda(float)#1}>(at::TensorIteratorBase&, at::CUDAGeneratorImpl*, at::native::templates::cuda::normal_and_transform<c10::Half, float, at::CUDAGeneratorImpl*, at::native::templates::cuda::normal_kernel<at::CUDAGeneratorImpl*>(at::TensorBase const&, double, double, at::CUDAGeneratorImpl*)::{lambda()#1}::operator()() const::{lambda()#3}::operator()() const::{lambda(float)#1}>(at::TensorIteratorBase&, at::CUDAGeneratorImpl*, at::native::templates::cuda::normal_kernel<at::CUDAGeneratorImpl*>(at::TensorBase const&, double, double, at::CUDAGeneratorImpl*)::{lambda()#1}::operator()() const::{lambda()#3}::operator()() const::{lambda(float)#1})::{lambda(hiprandStatePhilox4_32_10*)#2} const&, at::native::templates::cuda::normal_kernel<at::CUDAGeneratorImpl*>(at::TensorBase const&, double, double, at::CUDAGeneratorImpl*)::{lambda()#1}::operator()() const::{lambda()#3}::operator()() const::{lambda(float)#1})::{lambda(int, float)#1}>(long, at::PhiloxCudaState, at::native::templates::cuda::normal_and_transform<c10::Half, float, at::CUDAGeneratorImpl*, at::native::templates::cuda::normal_kernel<at::CUDAGeneratorImpl*>(at::TensorBase const&, double, double, at::CUDAGeneratorImpl*)::{lambda()#1}::operator()() const::{lambda()#3}::operator()() const::{lambda(float)#1}>(at::TensorIteratorBase&, at::CUDAGeneratorImpl*, at::native::templates::cuda::normal_kernel<at::CUDAGeneratorImpl*>(at::TensorBase const&, double, double, at::CUDAGeneratorImpl*)::{lambda()#1}::operator()() const::{lambda()#3}::operator()() const::{lambda(float)#1})::{lambda(hiprandStatePhilox4_32_10*)#2}, at::native::(anonymous namespace)::distribution_nullary_kernel<c10::Half, float, HIP_vector_type<float, 4u>, at::CUDAGeneratorImpl*, at::native::templates::cuda::normal_and_transform<c10::Half, float, at::CUDAGeneratorImpl*, at::native::templates::cuda::normal_kernel<at::CUDAGeneratorImpl*>(at::TensorBase const&, double, double, at::CUDAGeneratorImpl*)::{lambda()#1}::operator()() const::{lambda()#3}::operator()() const::{lambda(float)#1}>(at::TensorIteratorBase&, at::CUDAGeneratorImpl*, at::native::templates::cuda::normal_kernel<at::CUDAGeneratorImpl*>(at::TensorBase const&, double, double, at::CUDAGeneratorImpl*)::{lambda()#1}::operator()() const::{lambda()#3}::operator()() const::{lambda(float)#1})::{lambda(hiprandStatePhilox4_32_10*)#2}, at::native::templates::cuda::normal_kernel<at::CUDAGeneratorImpl*>(at::TensorBase const&, double, double, at::CUDAGeneratorImpl*)::{lambda()#1}::operator()() const::{lambda()#3}::operator()() const::{lambda(float)#1}>(at::TensorIteratorBase&, at::CUDAGeneratorImpl*, at::native::templates::cuda::normal_and_transform<c10::Half, float, at::CUDAGeneratorImpl*, at::native::templates::cuda::normal_kernel<at::CUDAGeneratorImpl*>(at::TensorBase const&, double, double, at::CUDAGeneratorImpl*)::{lambda()#1}::operator()() const::{lambda()#3}::operator()() const::{lambda(float)#1}>(at::TensorIteratorBase&, at::CUDAGeneratorImpl*, at::native::templates::cuda::normal_kernel<at::CUDAGeneratorImpl*>(at::TensorBase const&, double, double, at::CUDAGeneratorImpl*)::{lambda()#1}::operator()() const::{lambda()#3}::operator()() const::{lambda(float)#1})::{lambda(hiprandStatePhilox4_32_10*)#2} const&, at::native::templates::cuda::normal_kernel<at::CUDAGeneratorImpl*>(at::TensorBase const&, double, double, at::CUDAGeneratorImpl*)::{lambda()#1}::operator()() const::{lambda()#3}::operator()() const::{lambda(float)#1})::{lambda(int, float)#1})",17,474292223187598,474292223192650,0,0,256,1,1,262144,1,1
"KERNEL_DISPATCH",7,3,164043,18,26,"void at::native::(anonymous namespace)::distribution_elementwise_grid_stride_kernel<float, 4, at::native::templates::cuda::normal_and_transform<c10::Half, float, at::CUDAGeneratorImpl*, at::native::templates::cuda::normal_kernel<at::CUDAGeneratorImpl*>(at::TensorBase const&, double, double, at::CUDAGeneratorImpl*)::{lambda()#1}::operator()() const::{lambda()#3}::operator()() const::{lambda(float)#1}>(at::TensorIteratorBase&, at::CUDAGeneratorImpl*, at::native::templates::cuda::normal_kernel<at::CUDAGeneratorImpl*>(at::TensorBase const&, double, double, at::CUDAGeneratorImpl*)::{lambda()#1}::operator()() const::{lambda()#3}::operator()() const::{lambda(float)#1})::{lambda(hiprandStatePhilox4_32_10*)#2}, at::native::(anonymous namespace)::distribution_nullary_kernel<c10::Half, float, HIP_vector_type<float, 4u>, at::CUDAGeneratorImpl*, at::native::templates::cuda::normal_and_transform<c10::Half, float, at::CUDAGeneratorImpl*, at::native::templates::cuda::normal_kernel<at::CUDAGeneratorImpl*>(at::TensorBase const&, double, double, at::CUDAGeneratorImpl*)::{lambda()#1}::operator()() const::{lambda()#3}::operator()() const::{lambda(float)#1}>(at::TensorIteratorBase&, at::CUDAGeneratorImpl*, at::native::templates::cuda::normal_kernel<at::CUDAGeneratorImpl*>(at::TensorBase const&, double, double, at::CUDAGeneratorImpl*)::{lambda()#1}::operator()() const::{lambda()#3}::operator()() const::{lambda(float)#1})::{lambda(hiprandStatePhilox4_32_10*)#2}, at::native::templates::cuda::normal_kernel<at::CUDAGeneratorImpl*>(at::TensorBase const&, double, double, at::CUDAGeneratorImpl*)::{lambda()#1}::operator()() const::{lambda()#3}::operator()() const::{lambda(float)#1}>(at::TensorIteratorBase&, at::CUDAGeneratorImpl*, at::native::templates::cuda::normal_and_transform<c10::Half, float, at::CUDAGeneratorImpl*, at::native::templates::cuda::normal_kernel<at::CUDAGeneratorImpl*>(at::TensorBase const&, double, double, at::CUDAGeneratorImpl*)::{lambda()#1}::operator()() const::{lambda()#3}::operator()() const::{lambda(float)#1}>(at::TensorIteratorBase&, at::CUDAGeneratorImpl*, at::native::templates::cuda::normal_kernel<at::CUDAGeneratorImpl*>(at::TensorBase const&, double, double, at::CUDAGeneratorImpl*)::{lambda()#1}::operator()() const::{lambda()#3}::operator()() const::{lambda(float)#1})::{lambda(hiprandStatePhilox4_32_10*)#2} const&, at::native::templates::cuda::normal_kernel<at::CUDAGeneratorImpl*>(at::TensorBase const&, double, double, at::CUDAGeneratorImpl*)::{lambda()#1}::operator()() const::{lambda()#3}::operator()() const::{lambda(float)#1})::{lambda(int, float)#1}>(long, at::PhiloxCudaState, at::native::templates::cuda::normal_and_transform<c10::Half, float, at::CUDAGeneratorImpl*, at::native::templates::cuda::normal_kernel<at::CUDAGeneratorImpl*>(at::TensorBase const&, double, double, at::CUDAGeneratorImpl*)::{lambda()#1}::operator()() const::{lambda()#3}::operator()() const::{lambda(float)#1}>(at::TensorIteratorBase&, at::CUDAGeneratorImpl*, at::native::templates::cuda::normal_kernel<at::CUDAGeneratorImpl*>(at::TensorBase const&, double, double, at::CUDAGeneratorImpl*)::{lambda()#1}::operator()() const::{lambda()#3}::operator()() const::{lambda(float)#1})::{lambda(hiprandStatePhilox4_32_10*)#2}, at::native::(anonymous namespace)::distribution_nullary_kernel<c10::Half, float, HIP_vector_type<float, 4u>, at::CUDAGeneratorImpl*, at::native::templates::cuda::normal_and_transform<c10::Half, float, at::CUDAGeneratorImpl*, at::native::templates::cuda::normal_kernel<at::CUDAGeneratorImpl*>(at::TensorBase const&, double, double, at::CUDAGeneratorImpl*)::{lambda()#1}::operator()() const::{lambda()#3}::operator()() const::{lambda(float)#1}>(at::TensorIteratorBase&, at::CUDAGeneratorImpl*, at::native::templates::cuda::normal_kernel<at::CUDAGeneratorImpl*>(at::TensorBase const&, double, double, at::CUDAGeneratorImpl*)::{lambda()#1}::operator()() const::{lambda()#3}::operator()() const::{lambda(float)#1})::{lambda(hiprandStatePhilox4_32_10*)#2}, at::native::templates::cuda::normal_kernel<at::CUDAGeneratorImpl*>(at::TensorBase const&, double, double, at::CUDAGeneratorImpl*)::{lambda()#1}::operator()() const::{lambda()#3}::operator()() const::{lambda(float)#1}>(at::TensorIteratorBase&, at::CUDAGeneratorImpl*, at::native::templates::cuda::normal_and_transform<c10::Half, float, at::CUDAGeneratorImpl*, at::native::templates::cuda::normal_kernel<at::CUDAGeneratorImpl*>(at::TensorBase const&, double, double, at::CUDAGeneratorImpl*)::{lambda()#1}::operator()() const::{lambda()#3}::operator()() const::{lambda(float)#1}>(at::TensorIteratorBase&, at::CUDAGeneratorImpl*, at::native::templates::cuda::normal_kernel<at::CUDAGeneratorImpl*>(at::TensorBase const&, double, double, at::CUDAGeneratorImpl*)::{lambda()#1}::operator()() const::{lambda()#3}::operator()() const::{lambda(float)#1})::{lambda(hiprandStatePhilox4_32_10*)#2} const&, at::native::templates::cuda::normal_kernel<at::CUDAGeneratorImpl*>(at::TensorBase const&, double, double, at::CUDAGeneratorImpl*)::{lambda()#1}::operator()() const::{lambda()#3}::operator()() const::{lambda(float)#1})::{lambda(int, float)#1})",18,474292223192650,474292223197421,0,0,256,1,1,262144,1,1
"KERNEL_DISPATCH",7,3,164043,19,26,"void at::native::(anonymous namespace)::distribution_elementwise_grid_stride_kernel<float, 4, at::native::templates::cuda::normal_and_transform<c10::Half, float, at::CUDAGeneratorImpl*, at::native::templates::cuda::normal_kernel<at::CUDAGeneratorImpl*>(at::TensorBase const&, double, double, at::CUDAGeneratorImpl*)::{lambda()#1}::operator()() const::{lambda()#3}::operator()() const::{lambda(float)#1}>(at::TensorIteratorBase&, at::CUDAGeneratorImpl*, at::native::templates::cuda::normal_kernel<at::CUDAGeneratorImpl*>(at::TensorBase const&, double, double, at::CUDAGeneratorImpl*)::{lambda()#1}::operator()() const::{lambda()#3}::operator()() const::{lambda(float)#1})::{lambda(hiprandStatePhilox4_32_10*)#2}, at::native::(anonymous namespace)::distribution_nullary_kernel<c10::Half, float, HIP_vector_type<float, 4u>, at::CUDAGeneratorImpl*, at::native::templates::cuda::normal_and_transform<c10::Half, float, at::CUDAGeneratorImpl*, at::native::templates::cuda::normal_kernel<at::CUDAGeneratorImpl*>(at::TensorBase const&, double, double, at::CUDAGeneratorImpl*)::{lambda()#1}::operator()() const::{lambda()#3}::operator()() const::{lambda(float)#1}>(at::TensorIteratorBase&, at::CUDAGeneratorImpl*, at::native::templates::cuda::normal_kernel<at::CUDAGeneratorImpl*>(at::TensorBase const&, double, double, at::CUDAGeneratorImpl*)::{lambda()#1}::operator()() const::{lambda()#3}::operator()() const::{lambda(float)#1})::{lambda(hiprandStatePhilox4_32_10*)#2}, at::native::templates::cuda::normal_kernel<at::CUDAGeneratorImpl*>(at::TensorBase const&, double, double, at::CUDAGeneratorImpl*)::{lambda()#1}::operator()() const::{lambda()#3}::operator()() const::{lambda(float)#1}>(at::TensorIteratorBase&, at::CUDAGeneratorImpl*, at::native::templates::cuda::normal_and_transform<c10::Half, float, at::CUDAGeneratorImpl*, at::native::templates::cuda::normal_kernel<at::CUDAGeneratorImpl*>(at::TensorBase const&, double, double, at::CUDAGeneratorImpl*)::{lambda()#1}::operator()() const::{lambda()#3}::operator()() const::{lambda(float)#1}>(at::TensorIteratorBase&, at::CUDAGeneratorImpl*, at::native::templates::cuda::normal_kernel<at::CUDAGeneratorImpl*>(at::TensorBase const&, double, double, at::CUDAGeneratorImpl*)::{lambda()#1}::operator()() const::{lambda()#3}::operator()() const::{lambda(float)#1})::{lambda(hiprandStatePhilox4_32_10*)#2} const&, at::native::templates::cuda::normal_kernel<at::CUDAGeneratorImpl*>(at::TensorBase const&, double, double, at::CUDAGeneratorImpl*)::{lambda()#1}::operator()() const::{lambda()#3}::operator()() const::{lambda(float)#1})::{lambda(int, float)#1}>(long, at::PhiloxCudaState, at::native::templates::cuda::normal_and_transform<c10::Half, float, at::CUDAGeneratorImpl*, at::native::templates::cuda::normal_kernel<at::CUDAGeneratorImpl*>(at::TensorBase const&, double, double, at::CUDAGeneratorImpl*)::{lambda()#1}::operator()() const::{lambda()#3}::operator()() const::{lambda(float)#1}>(at::TensorIteratorBase&, at::CUDAGeneratorImpl*, at::native::templates::cuda::normal_kernel<at::CUDAGeneratorImpl*>(at::TensorBase const&, double, double, at::CUDAGeneratorImpl*)::{lambda()#1}::operator()() const::{lambda()#3}::operator()() const::{lambda(float)#1})::{lambda(hiprandStatePhilox4_32_10*)#2}, at::native::(anonymous namespace)::distribution_nullary_kernel<c10::Half, float, HIP_vector_type<float, 4u>, at::CUDAGeneratorImpl*, at::native::templates::cuda::normal_and_transform<c10::Half, float, at::CUDAGeneratorImpl*, at::native::templates::cuda::normal_kernel<at::CUDAGeneratorImpl*>(at::TensorBase const&, double, double, at::CUDAGeneratorImpl*)::{lambda()#1}::operator()() const::{lambda()#3}::operator()() const::{lambda(float)#1}>(at::TensorIteratorBase&, at::CUDAGeneratorImpl*, at::native::templates::cuda::normal_kernel<at::CUDAGeneratorImpl*>(at::TensorBase const&, double, double, at::CUDAGeneratorImpl*)::{lambda()#1}::operator()() const::{lambda()#3}::operator()() const::{lambda(float)#1})::{lambda(hiprandStatePhilox4_32_10*)#2}, at::native::templates::cuda::normal_kernel<at::CUDAGeneratorImpl*>(at::TensorBase const&, double, double, at::CUDAGeneratorImpl*)::{lambda()#1}::operator()() const::{lambda()#3}::operator()() const::{lambda(float)#1}>(at::TensorIteratorBase&, at::CUDAGeneratorImpl*, at::native::templates::cuda::normal_and_transform<c10::Half, float, at::CUDAGeneratorImpl*, at::native::templates::cuda::normal_kernel<at::CUDAGeneratorImpl*>(at::TensorBase const&, double, double, at::CUDAGeneratorImpl*)::{lambda()#1}::operator()() const::{lambda()#3}::operator()() const::{lambda(float)#1}>(at::TensorIteratorBase&, at::CUDAGeneratorImpl*, at::native::templates::cuda::normal_kernel<at::CUDAGeneratorImpl*>(at::TensorBase const&, double, double, at::CUDAGeneratorImpl*)::{lambda()#1}::operator()() const::{lambda()#3}::operator()() const::{lambda(float)#1})::{lambda(hiprandStatePhilox4_32_10*)#2} const&, at::native::templates::cuda::normal_kernel<at::CUDAGeneratorImpl*>(at::TensorBase const&, double, double, at::CUDAGeneratorImpl*)::{lambda()#1}::operator()() const::{lambda()#3}::operator()() const::{lambda(float)#1})::{lambda(int, float)#1})",19,474292223197421,474292223256797,0,0,256,1,1,622592,1,1
"KERNEL_DISPATCH",7,3,164043,20,26,"void at::native::(anonymous namespace)::distribution_elementwise_grid_stride_kernel<float, 4, at::native::templates::cuda::normal_and_transform<c10::Half, float, at::CUDAGeneratorImpl*, at::native::templates::cuda::normal_kernel<at::CUDAGeneratorImpl*>(at::TensorBase const&, double, double, at::CUDAGeneratorImpl*)::{lambda()#1}::operator()() const::{lambda()#3}::operator()() const::{lambda(float)#1}>(at::TensorIteratorBase&, at::CUDAGeneratorImpl*, at::native::templates::cuda::normal_kernel<at::CUDAGeneratorImpl*>(at::TensorBase const&, double, double, at::CUDAGeneratorImpl*)::{lambda()#1}::operator()() const::{lambda()#3}::operator()() const::{lambda(float)#1})::{lambda(hiprandStatePhilox4_32_10*)#2}, at::native::(anonymous namespace)::distribution_nullary_kernel<c10::Half, float, HIP_vector_type<float, 4u>, at::CUDAGeneratorImpl*, at::native::templates::cuda::normal_and_transform<c10::Half, float, at::CUDAGeneratorImpl*, at::native::templates::cuda::normal_kernel<at::CUDAGeneratorImpl*>(at::TensorBase const&, double, double, at::CUDAGeneratorImpl*)::{lambda()#1}::operator()() const::{lambda()#3}::operator()() const::{lambda(float)#1}>(at::TensorIteratorBase&, at::CUDAGeneratorImpl*, at::native::templates::cuda::normal_kernel<at::CUDAGeneratorImpl*>(at::TensorBase const&, double, double, at::CUDAGeneratorImpl*)::{lambda()#1}::operator()() const::{lambda()#3}::operator()() const::{lambda(float)#1})::{lambda(hiprandStatePhilox4_32_10*)#2}, at::native::templates::cuda::normal_kernel<at::CUDAGeneratorImpl*>(at::TensorBase const&, double, double, at::CUDAGeneratorImpl*)::{lambda()#1}::operator()() const::{lambda()#3}::operator()() const::{lambda(float)#1}>(at::TensorIteratorBase&, at::CUDAGeneratorImpl*, at::native::templates::cuda::normal_and_transform<c10::Half, float, at::CUDAGeneratorImpl*, at::native::templates::cuda::normal_kernel<at::CUDAGeneratorImpl*>(at::TensorBase const&, double, double, at::CUDAGeneratorImpl*)::{lambda()#1}::operator()() const::{lambda()#3}::operator()() const::{lambda(float)#1}>(at::TensorIteratorBase&, at::CUDAGeneratorImpl*, at::native::templates::cuda::normal_kernel<at::CUDAGeneratorImpl*>(at::TensorBase const&, double, double, at::CUDAGeneratorImpl*)::{lambda()#1}::operator()() const::{lambda()#3}::operator()() const::{lambda(float)#1})::{lambda(hiprandStatePhilox4_32_10*)#2} const&, at::native::templates::cuda::normal_kernel<at::CUDAGeneratorImpl*>(at::TensorBase const&, double, double, at::CUDAGeneratorImpl*)::{lambda()#1}::operator()() const::{lambda()#3}::operator()() const::{lambda(float)#1})::{lambda(int, float)#1}>(long, at::PhiloxCudaState, at::native::templates::cuda::normal_and_transform<c10::Half, float, at::CUDAGeneratorImpl*, at::native::templates::cuda::normal_kernel<at::CUDAGeneratorImpl*>(at::TensorBase const&, double, double, at::CUDAGeneratorImpl*)::{lambda()#1}::operator()() const::{lambda()#3}::operator()() const::{lambda(float)#1}>(at::TensorIteratorBase&, at::CUDAGeneratorImpl*, at::native::templates::cuda::normal_kernel<at::CUDAGeneratorImpl*>(at::TensorBase const&, double, double, at::CUDAGeneratorImpl*)::{lambda()#1}::operator()() const::{lambda()#3}::operator()() const::{lambda(float)#1})::{lambda(hiprandStatePhilox4_32_10*)#2}, at::native::(anonymous namespace)::distribution_nullary_kernel<c10::Half, float, HIP_vector_type<float, 4u>, at::CUDAGeneratorImpl*, at::native::templates::cuda::normal_and_transform<c10::Half, float, at::CUDAGeneratorImpl*, at::native::templates::cuda::normal_kernel<at::CUDAGeneratorImpl*>(at::TensorBase const&, double, double, at::CUDAGeneratorImpl*)::{lambda()#1}::operator()() const::{lambda()#3}::operator()() const::{lambda(float)#1}>(at::TensorIteratorBase&, at::CUDAGeneratorImpl*, at::native::templates::cuda::normal_kernel<at::CUDAGeneratorImpl*>(at::TensorBase const&, double, double, at::CUDAGeneratorImpl*)::{lambda()#1}::operator()() const::{lambda()#3}::operator()() const::{lambda(float)#1})::{lambda(hiprandStatePhilox4_32_10*)#2}, at::native::templates::cuda::normal_kernel<at::CUDAGeneratorImpl*>(at::TensorBase const&, double, double, at::CUDAGeneratorImpl*)::{lambda()#1}::operator()() const::{lambda()#3}::operator()() const::{lambda(float)#1}>(at::TensorIteratorBase&, at::CUDAGeneratorImpl*, at::native::templates::cuda::normal_and_transform<c10::Half, float, at::CUDAGeneratorImpl*, at::native::templates::cuda::normal_kernel<at::CUDAGeneratorImpl*>(at::TensorBase const&, double, double, at::CUDAGeneratorImpl*)::{lambda()#1}::operator()() const::{lambda()#3}::operator()() const::{lambda(float)#1}>(at::TensorIteratorBase&, at::CUDAGeneratorImpl*, at::native::templates::cuda::normal_kernel<at::CUDAGeneratorImpl*>(at::TensorBase const&, double, double, at::CUDAGeneratorImpl*)::{lambda()#1}::operator()() const::{lambda()#3}::operator()() const::{lambda(float)#1})::{lambda(hiprandStatePhilox4_32_10*)#2} const&, at::native::templates::cuda::normal_kernel<at::CUDAGeneratorImpl*>(at::TensorBase const&, double, double, at::CUDAGeneratorImpl*)::{lambda()#1}::operator()() const::{lambda()#3}::operator()() const::{lambda(float)#1})::{lambda(int, float)#1})",20,474292223260926,474292223300858,0,0,256,1,1,622592,1,1
"KERNEL_DISPATCH",7,3,164043,21,26,"void at::native::(anonymous namespace)::distribution_elementwise_grid_stride_kernel<float, 4, at::native::templates::cuda::normal_and_transform<c10::Half, float, at::CUDAGeneratorImpl*, at::native::templates::cuda::normal_kernel<at::CUDAGeneratorImpl*>(at::TensorBase const&, double, double, at::CUDAGeneratorImpl*)::{lambda()#1}::operator()() const::{lambda()#3}::operator()() const::{lambda(float)#1}>(at::TensorIteratorBase&, at::CUDAGeneratorImpl*, at::native::templates::cuda::normal_kernel<at::CUDAGeneratorImpl*>(at::TensorBase const&, double, double, at::CUDAGeneratorImpl*)::{lambda()#1}::operator()() const::{lambda()#3}::operator()() const::{lambda(float)#1})::{lambda(hiprandStatePhilox4_32_10*)#2}, at::native::(anonymous namespace)::distribution_nullary_kernel<c10::Half, float, HIP_vector_type<float, 4u>, at::CUDAGeneratorImpl*, at::native::templates::cuda::normal_and_transform<c10::Half, float, at::CUDAGeneratorImpl*, at::native::templates::cuda::normal_kernel<at::CUDAGeneratorImpl*>(at::TensorBase const&, double, double, at::CUDAGeneratorImpl*)::{lambda()#1}::operator()() const::{lambda()#3}::operator()() const::{lambda(float)#1}>(at::TensorIteratorBase&, at::CUDAGeneratorImpl*, at::native::templates::cuda::normal_kernel<at::CUDAGeneratorImpl*>(at::TensorBase const&, double, double, at::CUDAGeneratorImpl*)::{lambda()#1}::operator()() const::{lambda()#3}::operator()() const::{lambda(float)#1})::{lambda(hiprandStatePhilox4_32_10*)#2}, at::native::templates::cuda::normal_kernel<at::CUDAGeneratorImpl*>(at::TensorBase const&, double, double, at::CUDAGeneratorImpl*)::{lambda()#1}::operator()() const::{lambda()#3}::operator()() const::{lambda(float)#1}>(at::TensorIteratorBase&, at::CUDAGeneratorImpl*, at::native::templates::cuda::normal_and_transform<c10::Half, float, at::CUDAGeneratorImpl*, at::native::templates::cuda::normal_kernel<at::CUDAGeneratorImpl*>(at::TensorBase const&, double, double, at::CUDAGeneratorImpl*)::{lambda()#1}::operator()() const::{lambda()#3}::operator()() const::{lambda(float)#1}>(at::TensorIteratorBase&, at::CUDAGeneratorImpl*, at::native::templates::cuda::normal_kernel<at::CUDAGeneratorImpl*>(at::TensorBase const&, double, double, at::CUDAGeneratorImpl*)::{lambda()#1}::operator()() const::{lambda()#3}::operator()() const::{lambda(float)#1})::{lambda(hiprandStatePhilox4_32_10*)#2} const&, at::native::templates::cuda::normal_kernel<at::CUDAGeneratorImpl*>(at::TensorBase const&, double, double, at::CUDAGeneratorImpl*)::{lambda()#1}::operator()() const::{lambda()#3}::operator()() const::{lambda(float)#1})::{lambda(int, float)#1}>(long, at::PhiloxCudaState, at::native::templates::cuda::normal_and_transform<c10::Half, float, at::CUDAGeneratorImpl*, at::native::templates::cuda::normal_kernel<at::CUDAGeneratorImpl*>(at::TensorBase const&, double, double, at::CUDAGeneratorImpl*)::{lambda()#1}::operator()() const::{lambda()#3}::operator()() const::{lambda(float)#1}>(at::TensorIteratorBase&, at::CUDAGeneratorImpl*, at::native::templates::cuda::normal_kernel<at::CUDAGeneratorImpl*>(at::TensorBase const&, double, double, at::CUDAGeneratorImpl*)::{lambda()#1}::operator()() const::{lambda()#3}::operator()() const::{lambda(float)#1})::{lambda(hiprandStatePhilox4_32_10*)#2}, at::native::(anonymous namespace)::distribution_nullary_kernel<c10::Half, float, HIP_vector_type<float, 4u>, at::CUDAGeneratorImpl*, at::native::templates::cuda::normal_and_transform<c10::Half, float, at::CUDAGeneratorImpl*, at::native::templates::cuda::normal_kernel<at::CUDAGeneratorImpl*>(at::TensorBase const&, double, double, at::CUDAGeneratorImpl*)::{lambda()#1}::operator()() const::{lambda()#3}::operator()() const::{lambda(float)#1}>(at::TensorIteratorBase&, at::CUDAGeneratorImpl*, at::native::templates::cuda::normal_kernel<at::CUDAGeneratorImpl*>(at::TensorBase const&, double, double, at::CUDAGeneratorImpl*)::{lambda()#1}::operator()() const::{lambda()#3}::operator()() const::{lambda(float)#1})::{lambda(hiprandStatePhilox4_32_10*)#2}, at::native::templates::cuda::normal_kernel<at::CUDAGeneratorImpl*>(at::TensorBase const&, double, double, at::CUDAGeneratorImpl*)::{lambda()#1}::operator()() const::{lambda()#3}::operator()() const::{lambda(float)#1}>(at::TensorIteratorBase&, at::CUDAGeneratorImpl*, at::native::templates::cuda::normal_and_transform<c10::Half, float, at::CUDAGeneratorImpl*, at::native::templates::cuda::normal_kernel<at::CUDAGeneratorImpl*>(at::TensorBase const&, double, double, at::CUDAGeneratorImpl*)::{lambda()#1}::operator()() const::{lambda()#3}::operator()() const::{lambda(float)#1}>(at::TensorIteratorBase&, at::CUDAGeneratorImpl*, at::native::templates::cuda::normal_kernel<at::CUDAGeneratorImpl*>(at::TensorBase const&, double, double, at::CUDAGeneratorImpl*)::{lambda()#1}::operator()() const::{lambda()#3}::operator()() const::{lambda(float)#1})::{lambda(hiprandStatePhilox4_32_10*)#2} const&, at::native::templates::cuda::normal_kernel<at::CUDAGeneratorImpl*>(at::TensorBase const&, double, double, at::CUDAGeneratorImpl*)::{lambda()#1}::operator()() const::{lambda()#3}::operator()() const::{lambda(float)#1})::{lambda(int, float)#1})",21,474292223305268,474292223345840,0,0,256,1,1,622592,1,1
"KERNEL_DISPATCH",7,3,164043,22,26,"void at::native::(anonymous namespace)::distribution_elementwise_grid_stride_kernel<float, 4, at::native::templates::cuda::normal_and_transform<c10::Half, float, at::CUDAGeneratorImpl*, at::native::templates::cuda::normal_kernel<at::CUDAGeneratorImpl*>(at::TensorBase const&, double, double, at::CUDAGeneratorImpl*)::{lambda()#1}::operator()() const::{lambda()#3}::operator()() const::{lambda(float)#1}>(at::TensorIteratorBase&, at::CUDAGeneratorImpl*, at::native::templates::cuda::normal_kernel<at::CUDAGeneratorImpl*>(at::TensorBase const&, double, double, at::CUDAGeneratorImpl*)::{lambda()#1}::operator()() const::{lambda()#3}::operator()() const::{lambda(float)#1})::{lambda(hiprandStatePhilox4_32_10*)#2}, at::native::(anonymous namespace)::distribution_nullary_kernel<c10::Half, float, HIP_vector_type<float, 4u>, at::CUDAGeneratorImpl*, at::native::templates::cuda::normal_and_transform<c10::Half, float, at::CUDAGeneratorImpl*, at::native::templates::cuda::normal_kernel<at::CUDAGeneratorImpl*>(at::TensorBase const&, double, double, at::CUDAGeneratorImpl*)::{lambda()#1}::operator()() const::{lambda()#3}::operator()() const::{lambda(float)#1}>(at::TensorIteratorBase&, at::CUDAGeneratorImpl*, at::native::templates::cuda::normal_kernel<at::CUDAGeneratorImpl*>(at::TensorBase const&, double, double, at::CUDAGeneratorImpl*)::{lambda()#1}::operator()() const::{lambda()#3}::operator()() const::{lambda(float)#1})::{lambda(hiprandStatePhilox4_32_10*)#2}, at::native::templates::cuda::normal_kernel<at::CUDAGeneratorImpl*>(at::TensorBase const&, double, double, at::CUDAGeneratorImpl*)::{lambda()#1}::operator()() const::{lambda()#3}::operator()() const::{lambda(float)#1}>(at::TensorIteratorBase&, at::CUDAGeneratorImpl*, at::native::templates::cuda::normal_and_transform<c10::Half, float, at::CUDAGeneratorImpl*, at::native::templates::cuda::normal_kernel<at::CUDAGeneratorImpl*>(at::TensorBase const&, double, double, at::CUDAGeneratorImpl*)::{lambda()#1}::operator()() const::{lambda()#3}::operator()() const::{lambda(float)#1}>(at::TensorIteratorBase&, at::CUDAGeneratorImpl*, at::native::templates::cuda::normal_kernel<at::CUDAGeneratorImpl*>(at::TensorBase const&, double, double, at::CUDAGeneratorImpl*)::{lambda()#1}::operator()() const::{lambda()#3}::operator()() const::{lambda(float)#1})::{lambda(hiprandStatePhilox4_32_10*)#2} const&, at::native::templates::cuda::normal_kernel<at::CUDAGeneratorImpl*>(at::TensorBase const&, double, double, at::CUDAGeneratorImpl*)::{lambda()#1}::operator()() const::{lambda()#3}::operator()() const::{lambda(float)#1})::{lambda(int, float)#1}>(long, at::PhiloxCudaState, at::native::templates::cuda::normal_and_transform<c10::Half, float, at::CUDAGeneratorImpl*, at::native::templates::cuda::normal_kernel<at::CUDAGeneratorImpl*>(at::TensorBase const&, double, double, at::CUDAGeneratorImpl*)::{lambda()#1}::operator()() const::{lambda()#3}::operator()() const::{lambda(float)#1}>(at::TensorIteratorBase&, at::CUDAGeneratorImpl*, at::native::templates::cuda::normal_kernel<at::CUDAGeneratorImpl*>(at::TensorBase const&, double, double, at::CUDAGeneratorImpl*)::{lambda()#1}::operator()() const::{lambda()#3}::operator()() const::{lambda(float)#1})::{lambda(hiprandStatePhilox4_32_10*)#2}, at::native::(anonymous namespace)::distribution_nullary_kernel<c10::Half, float, HIP_vector_type<float, 4u>, at::CUDAGeneratorImpl*, at::native::templates::cuda::normal_and_transform<c10::Half, float, at::CUDAGeneratorImpl*, at::native::templates::cuda::normal_kernel<at::CUDAGeneratorImpl*>(at::TensorBase const&, double, double, at::CUDAGeneratorImpl*)::{lambda()#1}::operator()() const::{lambda()#3}::operator()() const::{lambda(float)#1}>(at::TensorIteratorBase&, at::CUDAGeneratorImpl*, at::native::templates::cuda::normal_kernel<at::CUDAGeneratorImpl*>(at::TensorBase const&, double, double, at::CUDAGeneratorImpl*)::{lambda()#1}::operator()() const::{lambda()#3}::operator()() const::{lambda(float)#1})::{lambda(hiprandStatePhilox4_32_10*)#2}, at::native::templates::cuda::normal_kernel<at::CUDAGeneratorImpl*>(at::TensorBase const&, double, double, at::CUDAGeneratorImpl*)::{lambda()#1}::operator()() const::{lambda()#3}::operator()() const::{lambda(float)#1}>(at::TensorIteratorBase&, at::CUDAGeneratorImpl*, at::native::templates::cuda::normal_and_transform<c10::Half, float, at::CUDAGeneratorImpl*, at::native::templates::cuda::normal_kernel<at::CUDAGeneratorImpl*>(at::TensorBase const&, double, double, at::CUDAGeneratorImpl*)::{lambda()#1}::operator()() const::{lambda()#3}::operator()() const::{lambda(float)#1}>(at::TensorIteratorBase&, at::CUDAGeneratorImpl*, at::native::templates::cuda::normal_kernel<at::CUDAGeneratorImpl*>(at::TensorBase const&, double, double, at::CUDAGeneratorImpl*)::{lambda()#1}::operator()() const::{lambda()#3}::operator()() const::{lambda(float)#1})::{lambda(hiprandStatePhilox4_32_10*)#2} const&, at::native::templates::cuda::normal_kernel<at::CUDAGeneratorImpl*>(at::TensorBase const&, double, double, at::CUDAGeneratorImpl*)::{lambda()#1}::operator()() const::{lambda()#3}::operator()() const::{lambda(float)#1})::{lambda(int, float)#1})",22,474292223349850,474292223355142,0,0,256,1,1,524288,1,1
"KERNEL_DISPATCH",7,3,164043,23,26,"void at::native::(anonymous namespace)::distribution_elementwise_grid_stride_kernel<float, 4, at::native::templates::cuda::normal_and_transform<c10::Half, float, at::CUDAGeneratorImpl*, at::native::templates::cuda::normal_kernel<at::CUDAGeneratorImpl*>(at::TensorBase const&, double, double, at::CUDAGeneratorImpl*)::{lambda()#1}::operator()() const::{lambda()#3}::operator()() const::{lambda(float)#1}>(at::TensorIteratorBase&, at::CUDAGeneratorImpl*, at::native::templates::cuda::normal_kernel<at::CUDAGeneratorImpl*>(at::TensorBase const&, double, double, at::CUDAGeneratorImpl*)::{lambda()#1}::operator()() const::{lambda()#3}::operator()() const::{lambda(float)#1})::{lambda(hiprandStatePhilox4_32_10*)#2}, at::native::(anonymous namespace)::distribution_nullary_kernel<c10::Half, float, HIP_vector_type<float, 4u>, at::CUDAGeneratorImpl*, at::native::templates::cuda::normal_and_transform<c10::Half, float, at::CUDAGeneratorImpl*, at::native::templates::cuda::normal_kernel<at::CUDAGeneratorImpl*>(at::TensorBase const&, double, double, at::CUDAGeneratorImpl*)::{lambda()#1}::operator()() const::{lambda()#3}::operator()() const::{lambda(float)#1}>(at::TensorIteratorBase&, at::CUDAGeneratorImpl*, at::native::templates::cuda::normal_kernel<at::CUDAGeneratorImpl*>(at::TensorBase const&, double, double, at::CUDAGeneratorImpl*)::{lambda()#1}::operator()() const::{lambda()#3}::operator()() const::{lambda(float)#1})::{lambda(hiprandStatePhilox4_32_10*)#2}, at::native::templates::cuda::normal_kernel<at::CUDAGeneratorImpl*>(at::TensorBase const&, double, double, at::CUDAGeneratorImpl*)::{lambda()#1}::operator()() const::{lambda()#3}::operator()() const::{lambda(float)#1}>(at::TensorIteratorBase&, at::CUDAGeneratorImpl*, at::native::templates::cuda::normal_and_transform<c10::Half, float, at::CUDAGeneratorImpl*, at::native::templates::cuda::normal_kernel<at::CUDAGeneratorImpl*>(at::TensorBase const&, double, double, at::CUDAGeneratorImpl*)::{lambda()#1}::operator()() const::{lambda()#3}::operator()() const::{lambda(float)#1}>(at::TensorIteratorBase&, at::CUDAGeneratorImpl*, at::native::templates::cuda::normal_kernel<at::CUDAGeneratorImpl*>(at::TensorBase const&, double, double, at::CUDAGeneratorImpl*)::{lambda()#1}::operator()() const::{lambda()#3}::operator()() const::{lambda(float)#1})::{lambda(hiprandStatePhilox4_32_10*)#2} const&, at::native::templates::cuda::normal_kernel<at::CUDAGeneratorImpl*>(at::TensorBase const&, double, double, at::CUDAGeneratorImpl*)::{lambda()#1}::operator()() const::{lambda()#3}::operator()() const::{lambda(float)#1})::{lambda(int, float)#1}>(long, at::PhiloxCudaState, at::native::templates::cuda::normal_and_transform<c10::Half, float, at::CUDAGeneratorImpl*, at::native::templates::cuda::normal_kernel<at::CUDAGeneratorImpl*>(at::TensorBase const&, double, double, at::CUDAGeneratorImpl*)::{lambda()#1}::operator()() const::{lambda()#3}::operator()() const::{lambda(float)#1}>(at::TensorIteratorBase&, at::CUDAGeneratorImpl*, at::native::templates::cuda::normal_kernel<at::CUDAGeneratorImpl*>(at::TensorBase const&, double, double, at::CUDAGeneratorImpl*)::{lambda()#1}::operator()() const::{lambda()#3}::operator()() const::{lambda(float)#1})::{lambda(hiprandStatePhilox4_32_10*)#2}, at::native::(anonymous namespace)::distribution_nullary_kernel<c10::Half, float, HIP_vector_type<float, 4u>, at::CUDAGeneratorImpl*, at::native::templates::cuda::normal_and_transform<c10::Half, float, at::CUDAGeneratorImpl*, at::native::templates::cuda::normal_kernel<at::CUDAGeneratorImpl*>(at::TensorBase const&, double, double, at::CUDAGeneratorImpl*)::{lambda()#1}::operator()() const::{lambda()#3}::operator()() const::{lambda(float)#1}>(at::TensorIteratorBase&, at::CUDAGeneratorImpl*, at::native::templates::cuda::normal_kernel<at::CUDAGeneratorImpl*>(at::TensorBase const&, double, double, at::CUDAGeneratorImpl*)::{lambda()#1}::operator()() const::{lambda()#3}::operator()() const::{lambda(float)#1})::{lambda(hiprandStatePhilox4_32_10*)#2}, at::native::templates::cuda::normal_kernel<at::CUDAGeneratorImpl*>(at::TensorBase const&, double, double, at::CUDAGeneratorImpl*)::{lambda()#1}::operator()() const::{lambda()#3}::operator()() const::{lambda(float)#1}>(at::TensorIteratorBase&, at::CUDAGeneratorImpl*, at::native::templates::cuda::normal_and_transform<c10::Half, float, at::CUDAGeneratorImpl*, at::native::templates::cuda::normal_kernel<at::CUDAGeneratorImpl*>(at::TensorBase const&, double, double, at::CUDAGeneratorImpl*)::{lambda()#1}::operator()() const::{lambda()#3}::operator()() const::{lambda(float)#1}>(at::TensorIteratorBase&, at::CUDAGeneratorImpl*, at::native::templates::cuda::normal_kernel<at::CUDAGeneratorImpl*>(at::TensorBase const&, double, double, at::CUDAGeneratorImpl*)::{lambda()#1}::operator()() const::{lambda()#3}::operator()() const::{lambda(float)#1})::{lambda(hiprandStatePhilox4_32_10*)#2} const&, at::native::templates::cuda::normal_kernel<at::CUDAGeneratorImpl*>(at::TensorBase const&, double, double, at::CUDAGeneratorImpl*)::{lambda()#1}::operator()() const::{lambda()#3}::operator()() const::{lambda(float)#1})::{lambda(int, float)#1})",23,474292223355142,474292223359993,0,0,256,1,1,262144,1,1
"KERNEL_DISPATCH",7,3,164043,24,26,"void at::native::(anonymous namespace)::distribution_elementwise_grid_stride_kernel<float, 4, at::native::templates::cuda::normal_and_transform<c10::Half, float, at::CUDAGeneratorImpl*, at::native::templates::cuda::normal_kernel<at::CUDAGeneratorImpl*>(at::TensorBase const&, double, double, at::CUDAGeneratorImpl*)::{lambda()#1}::operator()() const::{lambda()#3}::operator()() const::{lambda(float)#1}>(at::TensorIteratorBase&, at::CUDAGeneratorImpl*, at::native::templates::cuda::normal_kernel<at::CUDAGeneratorImpl*>(at::TensorBase const&, double, double, at::CUDAGeneratorImpl*)::{lambda()#1}::operator()() const::{lambda()#3}::operator()() const::{lambda(float)#1})::{lambda(hiprandStatePhilox4_32_10*)#2}, at::native::(anonymous namespace)::distribution_nullary_kernel<c10::Half, float, HIP_vector_type<float, 4u>, at::CUDAGeneratorImpl*, at::native::templates::cuda::normal_and_transform<c10::Half, float, at::CUDAGeneratorImpl*, at::native::templates::cuda::normal_kernel<at::CUDAGeneratorImpl*>(at::TensorBase const&, double, double, at::CUDAGeneratorImpl*)::{lambda()#1}::operator()() const::{lambda()#3}::operator()() const::{lambda(float)#1}>(at::TensorIteratorBase&, at::CUDAGeneratorImpl*, at::native::templates::cuda::normal_kernel<at::CUDAGeneratorImpl*>(at::TensorBase const&, double, double, at::CUDAGeneratorImpl*)::{lambda()#1}::operator()() const::{lambda()#3}::operator()() const::{lambda(float)#1})::{lambda(hiprandStatePhilox4_32_10*)#2}, at::native::templates::cuda::normal_kernel<at::CUDAGeneratorImpl*>(at::TensorBase const&, double, double, at::CUDAGeneratorImpl*)::{lambda()#1}::operator()() const::{lambda()#3}::operator()() const::{lambda(float)#1}>(at::TensorIteratorBase&, at::CUDAGeneratorImpl*, at::native::templates::cuda::normal_and_transform<c10::Half, float, at::CUDAGeneratorImpl*, at::native::templates::cuda::normal_kernel<at::CUDAGeneratorImpl*>(at::TensorBase const&, double, double, at::CUDAGeneratorImpl*)::{lambda()#1}::operator()() const::{lambda()#3}::operator()() const::{lambda(float)#1}>(at::TensorIteratorBase&, at::CUDAGeneratorImpl*, at::native::templates::cuda::normal_kernel<at::CUDAGeneratorImpl*>(at::TensorBase const&, double, double, at::CUDAGeneratorImpl*)::{lambda()#1}::operator()() const::{lambda()#3}::operator()() const::{lambda(float)#1})::{lambda(hiprandStatePhilox4_32_10*)#2} const&, at::native::templates::cuda::normal_kernel<at::CUDAGeneratorImpl*>(at::TensorBase const&, double, double, at::CUDAGeneratorImpl*)::{lambda()#1}::operator()() const::{lambda()#3}::operator()() const::{lambda(float)#1})::{lambda(int, float)#1}>(long, at::PhiloxCudaState, at::native::templates::cuda::normal_and_transform<c10::Half, float, at::CUDAGeneratorImpl*, at::native::templates::cuda::normal_kernel<at::CUDAGeneratorImpl*>(at::TensorBase const&, double, double, at::CUDAGeneratorImpl*)::{lambda()#1}::operator()() const::{lambda()#3}::operator()() const::{lambda(float)#1}>(at::TensorIteratorBase&, at::CUDAGeneratorImpl*, at::native::templates::cuda::normal_kernel<at::CUDAGeneratorImpl*>(at::TensorBase const&, double, double, at::CUDAGeneratorImpl*)::{lambda()#1}::operator()() const::{lambda()#3}::operator()() const::{lambda(float)#1})::{lambda(hiprandStatePhilox4_32_10*)#2}, at::native::(anonymous namespace)::distribution_nullary_kernel<c10::Half, float, HIP_vector_type<float, 4u>, at::CUDAGeneratorImpl*, at::native::templates::cuda::normal_and_transform<c10::Half, float, at::CUDAGeneratorImpl*, at::native::templates::cuda::normal_kernel<at::CUDAGeneratorImpl*>(at::TensorBase const&, double, double, at::CUDAGeneratorImpl*)::{lambda()#1}::operator()() const::{lambda()#3}::operator()() const::{lambda(float)#1}>(at::TensorIteratorBase&, at::CUDAGeneratorImpl*, at::native::templates::cuda::normal_kernel<at::CUDAGeneratorImpl*>(at::TensorBase const&, double, double, at::CUDAGeneratorImpl*)::{lambda()#1}::operator()() const::{lambda()#3}::operator()() const::{lambda(float)#1})::{lambda(hiprandStatePhilox4_32_10*)#2}, at::native::templates::cuda::normal_kernel<at::CUDAGeneratorImpl*>(at::TensorBase const&, double, double, at::CUDAGeneratorImpl*)::{lambda()#1}::operator()() const::{lambda()#3}::operator()() const::{lambda(float)#1}>(at::TensorIteratorBase&, at::CUDAGeneratorImpl*, at::native::templates::cuda::normal_and_transform<c10::Half, float, at::CUDAGeneratorImpl*, at::native::templates::cuda::normal_kernel<at::CUDAGeneratorImpl*>(at::TensorBase const&, double, double, at::CUDAGeneratorImpl*)::{lambda()#1}::operator()() const::{lambda()#3}::operator()() const::{lambda(float)#1}>(at::TensorIteratorBase&, at::CUDAGeneratorImpl*, at::native::templates::cuda::normal_kernel<at::CUDAGeneratorImpl*>(at::TensorBase const&, double, double, at::CUDAGeneratorImpl*)::{lambda()#1}::operator()() const::{lambda()#3}::operator()() const::{lambda(float)#1})::{lambda(hiprandStatePhilox4_32_10*)#2} const&, at::native::templates::cuda::normal_kernel<at::CUDAGeneratorImpl*>(at::TensorBase const&, double, double, at::CUDAGeneratorImpl*)::{lambda()#1}::operator()() const::{lambda()#3}::operator()() const::{lambda(float)#1})::{lambda(int, float)#1})",24,474292223359993,474292223365205,0,0,256,1,1,262144,1,1
"KERNEL_DISPATCH",7,3,164043,25,26,"void at::native::(anonymous namespace)::distribution_elementwise_grid_stride_kernel<float, 4, at::native::templates::cuda::normal_and_transform<c10::Half, float, at::CUDAGeneratorImpl*, at::native::templates::cuda::normal_kernel<at::CUDAGeneratorImpl*>(at::TensorBase const&, double, double, at::CUDAGeneratorImpl*)::{lambda()#1}::operator()() const::{lambda()#3}::operator()() const::{lambda(float)#1}>(at::TensorIteratorBase&, at::CUDAGeneratorImpl*, at::native::templates::cuda::normal_kernel<at::CUDAGeneratorImpl*>(at::TensorBase const&, double, double, at::CUDAGeneratorImpl*)::{lambda()#1}::operator()() const::{lambda()#3}::operator()() const::{lambda(float)#1})::{lambda(hiprandStatePhilox4_32_10*)#2}, at::native::(anonymous namespace)::distribution_nullary_kernel<c10::Half, float, HIP_vector_type<float, 4u>, at::CUDAGeneratorImpl*, at::native::templates::cuda::normal_and_transform<c10::Half, float, at::CUDAGeneratorImpl*, at::native::templates::cuda::normal_kernel<at::CUDAGeneratorImpl*>(at::TensorBase const&, double, double, at::CUDAGeneratorImpl*)::{lambda()#1}::operator()() const::{lambda()#3}::operator()() const::{lambda(float)#1}>(at::TensorIteratorBase&, at::CUDAGeneratorImpl*, at::native::templates::cuda::normal_kernel<at::CUDAGeneratorImpl*>(at::TensorBase const&, double, double, at::CUDAGeneratorImpl*)::{lambda()#1}::operator()() const::{lambda()#3}::operator()() const::{lambda(float)#1})::{lambda(hiprandStatePhilox4_32_10*)#2}, at::native::templates::cuda::normal_kernel<at::CUDAGeneratorImpl*>(at::TensorBase const&, double, double, at::CUDAGeneratorImpl*)::{lambda()#1}::operator()() const::{lambda()#3}::operator()() const::{lambda(float)#1}>(at::TensorIteratorBase&, at::CUDAGeneratorImpl*, at::native::templates::cuda::normal_and_transform<c10::Half, float, at::CUDAGeneratorImpl*, at::native::templates::cuda::normal_kernel<at::CUDAGeneratorImpl*>(at::TensorBase const&, double, double, at::CUDAGeneratorImpl*)::{lambda()#1}::operator()() const::{lambda()#3}::operator()() const::{lambda(float)#1}>(at::TensorIteratorBase&, at::CUDAGeneratorImpl*, at::native::templates::cuda::normal_kernel<at::CUDAGeneratorImpl*>(at::TensorBase const&, double, double, at::CUDAGeneratorImpl*)::{lambda()#1}::operator()() const::{lambda()#3}::operator()() const::{lambda(float)#1})::{lambda(hiprandStatePhilox4_32_10*)#2} const&, at::native::templates::cuda::normal_kernel<at::CUDAGeneratorImpl*>(at::TensorBase const&, double, double, at::CUDAGeneratorImpl*)::{lambda()#1}::operator()() const::{lambda()#3}::operator()() const::{lambda(float)#1})::{lambda(int, float)#1}>(long, at::PhiloxCudaState, at::native::templates::cuda::normal_and_transform<c10::Half, float, at::CUDAGeneratorImpl*, at::native::templates::cuda::normal_kernel<at::CUDAGeneratorImpl*>(at::TensorBase const&, double, double, at::CUDAGeneratorImpl*)::{lambda()#1}::operator()() const::{lambda()#3}::operator()() const::{lambda(float)#1}>(at::TensorIteratorBase&, at::CUDAGeneratorImpl*, at::native::templates::cuda::normal_kernel<at::CUDAGeneratorImpl*>(at::TensorBase const&, double, double, at::CUDAGeneratorImpl*)::{lambda()#1}::operator()() const::{lambda()#3}::operator()() const::{lambda(float)#1})::{lambda(hiprandStatePhilox4_32_10*)#2}, at::native::(anonymous namespace)::distribution_nullary_kernel<c10::Half, float, HIP_vector_type<float, 4u>, at::CUDAGeneratorImpl*, at::native::templates::cuda::normal_and_transform<c10::Half, float, at::CUDAGeneratorImpl*, at::native::templates::cuda::normal_kernel<at::CUDAGeneratorImpl*>(at::TensorBase const&, double, double, at::CUDAGeneratorImpl*)::{lambda()#1}::operator()() const::{lambda()#3}::operator()() const::{lambda(float)#1}>(at::TensorIteratorBase&, at::CUDAGeneratorImpl*, at::native::templates::cuda::normal_kernel<at::CUDAGeneratorImpl*>(at::TensorBase const&, double, double, at::CUDAGeneratorImpl*)::{lambda()#1}::operator()() const::{lambda()#3}::operator()() const::{lambda(float)#1})::{lambda(hiprandStatePhilox4_32_10*)#2}, at::native::templates::cuda::normal_kernel<at::CUDAGeneratorImpl*>(at::TensorBase const&, double, double, at::CUDAGeneratorImpl*)::{lambda()#1}::operator()() const::{lambda()#3}::operator()() const::{lambda(float)#1}>(at::TensorIteratorBase&, at::CUDAGeneratorImpl*, at::native::templates::cuda::normal_and_transform<c10::Half, float, at::CUDAGeneratorImpl*, at::native::templates::cuda::normal_kernel<at::CUDAGeneratorImpl*>(at::TensorBase const&, double, double, at::CUDAGeneratorImpl*)::{lambda()#1}::operator()() const::{lambda()#3}::operator()() const::{lambda(float)#1}>(at::TensorIteratorBase&, at::CUDAGeneratorImpl*, at::native::templates::cuda::normal_kernel<at::CUDAGeneratorImpl*>(at::TensorBase const&, double, double, at::CUDAGeneratorImpl*)::{lambda()#1}::operator()() const::{lambda()#3}::operator()() const::{lambda(float)#1})::{lambda(hiprandStatePhilox4_32_10*)#2} const&, at::native::templates::cuda::normal_kernel<at::CUDAGeneratorImpl*>(at::TensorBase const&, double, double, at::CUDAGeneratorImpl*)::{lambda()#1}::operator()() const::{lambda()#3}::operator()() const::{lambda(float)#1})::{lambda(int, float)#1})",25,474292223365205,474292223424140,0,0,256,1,1,622592,1,1
"KERNEL_DISPATCH",7,3,164043,26,26,"void at::native::(anonymous namespace)::distribution_elementwise_grid_stride_kernel<float, 4, at::native::templates::cuda::normal_and_transform<c10::Half, float, at::CUDAGeneratorImpl*, at::native::templates::cuda::normal_kernel<at::CUDAGeneratorImpl*>(at::TensorBase const&, double, double, at::CUDAGeneratorImpl*)::{lambda()#1}::operator()() const::{lambda()#3}::operator()() const::{lambda(float)#1}>(at::TensorIteratorBase&, at::CUDAGeneratorImpl*, at::native::templates::cuda::normal_kernel<at::CUDAGeneratorImpl*>(at::TensorBase const&, double, double, at::CUDAGeneratorImpl*)::{lambda()#1}::operator()() const::{lambda()#3}::operator()() const::{lambda(float)#1})::{lambda(hiprandStatePhilox4_32_10*)#2}, at::native::(anonymous namespace)::distribution_nullary_kernel<c10::Half, float, HIP_vector_type<float, 4u>, at::CUDAGeneratorImpl*, at::native::templates::cuda::normal_and_transform<c10::Half, float, at::CUDAGeneratorImpl*, at::native::templates::cuda::normal_kernel<at::CUDAGeneratorImpl*>(at::TensorBase const&, double, double, at::CUDAGeneratorImpl*)::{lambda()#1}::operator()() const::{lambda()#3}::operator()() const::{lambda(float)#1}>(at::TensorIteratorBase&, at::CUDAGeneratorImpl*, at::native::templates::cuda::normal_kernel<at::CUDAGeneratorImpl*>(at::TensorBase const&, double, double, at::CUDAGeneratorImpl*)::{lambda()#1}::operator()() const::{lambda()#3}::operator()() const::{lambda(float)#1})::{lambda(hiprandStatePhilox4_32_10*)#2}, at::native::templates::cuda::normal_kernel<at::CUDAGeneratorImpl*>(at::TensorBase const&, double, double, at::CUDAGeneratorImpl*)::{lambda()#1}::operator()() const::{lambda()#3}::operator()() const::{lambda(float)#1}>(at::TensorIteratorBase&, at::CUDAGeneratorImpl*, at::native::templates::cuda::normal_and_transform<c10::Half, float, at::CUDAGeneratorImpl*, at::native::templates::cuda::normal_kernel<at::CUDAGeneratorImpl*>(at::TensorBase const&, double, double, at::CUDAGeneratorImpl*)::{lambda()#1}::operator()() const::{lambda()#3}::operator()() const::{lambda(float)#1}>(at::TensorIteratorBase&, at::CUDAGeneratorImpl*, at::native::templates::cuda::normal_kernel<at::CUDAGeneratorImpl*>(at::TensorBase const&, double, double, at::CUDAGeneratorImpl*)::{lambda()#1}::operator()() const::{lambda()#3}::operator()() const::{lambda(float)#1})::{lambda(hiprandStatePhilox4_32_10*)#2} const&, at::native::templates::cuda::normal_kernel<at::CUDAGeneratorImpl*>(at::TensorBase const&, double, double, at::CUDAGeneratorImpl*)::{lambda()#1}::operator()() const::{lambda()#3}::operator()() const::{lambda(float)#1})::{lambda(int, float)#1}>(long, at::PhiloxCudaState, at::native::templates::cuda::normal_and_transform<c10::Half, float, at::CUDAGeneratorImpl*, at::native::templates::cuda::normal_kernel<at::CUDAGeneratorImpl*>(at::TensorBase const&, double, double, at::CUDAGeneratorImpl*)::{lambda()#1}::operator()() const::{lambda()#3}::operator()() const::{lambda(float)#1}>(at::TensorIteratorBase&, at::CUDAGeneratorImpl*, at::native::templates::cuda::normal_kernel<at::CUDAGeneratorImpl*>(at::TensorBase const&, double, double, at::CUDAGeneratorImpl*)::{lambda()#1}::operator()() const::{lambda()#3}::operator()() const::{lambda(float)#1})::{lambda(hiprandStatePhilox4_32_10*)#2}, at::native::(anonymous namespace)::distribution_nullary_kernel<c10::Half, float, HIP_vector_type<float, 4u>, at::CUDAGeneratorImpl*, at::native::templates::cuda::normal_and_transform<c10::Half, float, at::CUDAGeneratorImpl*, at::native::templates::cuda::normal_kernel<at::CUDAGeneratorImpl*>(at::TensorBase const&, double, double, at::CUDAGeneratorImpl*)::{lambda()#1}::operator()() const::{lambda()#3}::operator()() const::{lambda(float)#1}>(at::TensorIteratorBase&, at::CUDAGeneratorImpl*, at::native::templates::cuda::normal_kernel<at::CUDAGeneratorImpl*>(at::TensorBase const&, double, double, at::CUDAGeneratorImpl*)::{lambda()#1}::operator()() const::{lambda()#3}::operator()() const::{lambda(float)#1})::{lambda(hiprandStatePhilox4_32_10*)#2}, at::native::templates::cuda::normal_kernel<at::CUDAGeneratorImpl*>(at::TensorBase const&, double, double, at::CUDAGeneratorImpl*)::{lambda()#1}::operator()() const::{lambda()#3}::operator()() const::{lambda(float)#1}>(at::TensorIteratorBase&, at::CUDAGeneratorImpl*, at::native::templates::cuda::normal_and_transform<c10::Half, float, at::CUDAGeneratorImpl*, at::native::templates::cuda::normal_kernel<at::CUDAGeneratorImpl*>(at::TensorBase const&, double, double, at::CUDAGeneratorImpl*)::{lambda()#1}::operator()() const::{lambda()#3}::operator()() const::{lambda(float)#1}>(at::TensorIteratorBase&, at::CUDAGeneratorImpl*, at::native::templates::cuda::normal_kernel<at::CUDAGeneratorImpl*>(at::TensorBase const&, double, double, at::CUDAGeneratorImpl*)::{lambda()#1}::operator()() const::{lambda()#3}::operator()() const::{lambda(float)#1})::{lambda(hiprandStatePhilox4_32_10*)#2} const&, at::native::templates::cuda::normal_kernel<at::CUDAGeneratorImpl*>(at::TensorBase const&, double, double, at::CUDAGeneratorImpl*)::{lambda()#1}::operator()() const::{lambda()#3}::operator()() const::{lambda(float)#1})::{lambda(int, float)#1})",26,474292223428309,474292223468722,0,0,256,1,1,622592,1,1
"KERNEL_DISPATCH",7,3,164043,27,26,"void at::native::(anonymous namespace)::distribution_elementwise_grid_stride_kernel<float, 4, at::native::templates::cuda::normal_and_transform<c10::Half, float, at::CUDAGeneratorImpl*, at::native::templates::cuda::normal_kernel<at::CUDAGeneratorImpl*>(at::TensorBase const&, double, double, at::CUDAGeneratorImpl*)::{lambda()#1}::operator()() const::{lambda()#3}::operator()() const::{lambda(float)#1}>(at::TensorIteratorBase&, at::CUDAGeneratorImpl*, at::native::templates::cuda::normal_kernel<at::CUDAGeneratorImpl*>(at::TensorBase const&, double, double, at::CUDAGeneratorImpl*)::{lambda()#1}::operator()() const::{lambda()#3}::operator()() const::{lambda(float)#1})::{lambda(hiprandStatePhilox4_32_10*)#2}, at::native::(anonymous namespace)::distribution_nullary_kernel<c10::Half, float, HIP_vector_type<float, 4u>, at::CUDAGeneratorImpl*, at::native::templates::cuda::normal_and_transform<c10::Half, float, at::CUDAGeneratorImpl*, at::native::templates::cuda::normal_kernel<at::CUDAGeneratorImpl*>(at::TensorBase const&, double, double, at::CUDAGeneratorImpl*)::{lambda()#1}::operator()() const::{lambda()#3}::operator()() const::{lambda(float)#1}>(at::TensorIteratorBase&, at::CUDAGeneratorImpl*, at::native::templates::cuda::normal_kernel<at::CUDAGeneratorImpl*>(at::TensorBase const&, double, double, at::CUDAGeneratorImpl*)::{lambda()#1}::operator()() const::{lambda()#3}::operator()() const::{lambda(float)#1})::{lambda(hiprandStatePhilox4_32_10*)#2}, at::native::templates::cuda::normal_kernel<at::CUDAGeneratorImpl*>(at::TensorBase const&, double, double, at::CUDAGeneratorImpl*)::{lambda()#1}::operator()() const::{lambda()#3}::operator()() const::{lambda(float)#1}>(at::TensorIteratorBase&, at::CUDAGeneratorImpl*, at::native::templates::cuda::normal_and_transform<c10::Half, float, at::CUDAGeneratorImpl*, at::native::templates::cuda::normal_kernel<at::CUDAGeneratorImpl*>(at::TensorBase const&, double, double, at::CUDAGeneratorImpl*)::{lambda()#1}::operator()() const::{lambda()#3}::operator()() const::{lambda(float)#1}>(at::TensorIteratorBase&, at::CUDAGeneratorImpl*, at::native::templates::cuda::normal_kernel<at::CUDAGeneratorImpl*>(at::TensorBase const&, double, double, at::CUDAGeneratorImpl*)::{lambda()#1}::operator()() const::{lambda()#3}::operator()() const::{lambda(float)#1})::{lambda(hiprandStatePhilox4_32_10*)#2} const&, at::native::templates::cuda::normal_kernel<at::CUDAGeneratorImpl*>(at::TensorBase const&, double, double, at::CUDAGeneratorImpl*)::{lambda()#1}::operator()() const::{lambda()#3}::operator()() const::{lambda(float)#1})::{lambda(int, float)#1}>(long, at::PhiloxCudaState, at::native::templates::cuda::normal_and_transform<c10::Half, float, at::CUDAGeneratorImpl*, at::native::templates::cuda::normal_kernel<at::CUDAGeneratorImpl*>(at::TensorBase const&, double, double, at::CUDAGeneratorImpl*)::{lambda()#1}::operator()() const::{lambda()#3}::operator()() const::{lambda(float)#1}>(at::TensorIteratorBase&, at::CUDAGeneratorImpl*, at::native::templates::cuda::normal_kernel<at::CUDAGeneratorImpl*>(at::TensorBase const&, double, double, at::CUDAGeneratorImpl*)::{lambda()#1}::operator()() const::{lambda()#3}::operator()() const::{lambda(float)#1})::{lambda(hiprandStatePhilox4_32_10*)#2}, at::native::(anonymous namespace)::distribution_nullary_kernel<c10::Half, float, HIP_vector_type<float, 4u>, at::CUDAGeneratorImpl*, at::native::templates::cuda::normal_and_transform<c10::Half, float, at::CUDAGeneratorImpl*, at::native::templates::cuda::normal_kernel<at::CUDAGeneratorImpl*>(at::TensorBase const&, double, double, at::CUDAGeneratorImpl*)::{lambda()#1}::operator()() const::{lambda()#3}::operator()() const::{lambda(float)#1}>(at::TensorIteratorBase&, at::CUDAGeneratorImpl*, at::native::templates::cuda::normal_kernel<at::CUDAGeneratorImpl*>(at::TensorBase const&, double, double, at::CUDAGeneratorImpl*)::{lambda()#1}::operator()() const::{lambda()#3}::operator()() const::{lambda(float)#1})::{lambda(hiprandStatePhilox4_32_10*)#2}, at::native::templates::cuda::normal_kernel<at::CUDAGeneratorImpl*>(at::TensorBase const&, double, double, at::CUDAGeneratorImpl*)::{lambda()#1}::operator()() const::{lambda()#3}::operator()() const::{lambda(float)#1}>(at::TensorIteratorBase&, at::CUDAGeneratorImpl*, at::native::templates::cuda::normal_and_transform<c10::Half, float, at::CUDAGeneratorImpl*, at::native::templates::cuda::normal_kernel<at::CUDAGeneratorImpl*>(at::TensorBase const&, double, double, at::CUDAGeneratorImpl*)::{lambda()#1}::operator()() const::{lambda()#3}::operator()() const::{lambda(float)#1}>(at::TensorIteratorBase&, at::CUDAGeneratorImpl*, at::native::templates::cuda::normal_kernel<at::CUDAGeneratorImpl*>(at::TensorBase const&, double, double, at::CUDAGeneratorImpl*)::{lambda()#1}::operator()() const::{lambda()#3}::operator()() const::{lambda(float)#1})::{lambda(hiprandStatePhilox4_32_10*)#2} const&, at::native::templates::cuda::normal_kernel<at::CUDAGeneratorImpl*>(at::TensorBase const&, double, double, at::CUDAGeneratorImpl*)::{lambda()#1}::operator()() const::{lambda()#3}::operator()() const::{lambda(float)#1})::{lambda(int, float)#1})",27,474292223472851,474292223512542,0,0,256,1,1,622592,1,1
"KERNEL_DISPATCH",7,3,164043,28,26,"void at::native::(anonymous namespace)::distribution_elementwise_grid_stride_kernel<float, 4, at::native::templates::cuda::normal_and_transform<c10::Half, float, at::CUDAGeneratorImpl*, at::native::templates::cuda::normal_kernel<at::CUDAGeneratorImpl*>(at::TensorBase const&, double, double, at::CUDAGeneratorImpl*)::{lambda()#1}::operator()() const::{lambda()#3}::operator()() const::{lambda(float)#1}>(at::TensorIteratorBase&, at::CUDAGeneratorImpl*, at::native::templates::cuda::normal_kernel<at::CUDAGeneratorImpl*>(at::TensorBase const&, double, double, at::CUDAGeneratorImpl*)::{lambda()#1}::operator()() const::{lambda()#3}::operator()() const::{lambda(float)#1})::{lambda(hiprandStatePhilox4_32_10*)#2}, at::native::(anonymous namespace)::distribution_nullary_kernel<c10::Half, float, HIP_vector_type<float, 4u>, at::CUDAGeneratorImpl*, at::native::templates::cuda::normal_and_transform<c10::Half, float, at::CUDAGeneratorImpl*, at::native::templates::cuda::normal_kernel<at::CUDAGeneratorImpl*>(at::TensorBase const&, double, double, at::CUDAGeneratorImpl*)::{lambda()#1}::operator()() const::{lambda()#3}::operator()() const::{lambda(float)#1}>(at::TensorIteratorBase&, at::CUDAGeneratorImpl*, at::native::templates::cuda::normal_kernel<at::CUDAGeneratorImpl*>(at::TensorBase const&, double, double, at::CUDAGeneratorImpl*)::{lambda()#1}::operator()() const::{lambda()#3}::operator()() const::{lambda(float)#1})::{lambda(hiprandStatePhilox4_32_10*)#2}, at::native::templates::cuda::normal_kernel<at::CUDAGeneratorImpl*>(at::TensorBase const&, double, double, at::CUDAGeneratorImpl*)::{lambda()#1}::operator()() const::{lambda()#3}::operator()() const::{lambda(float)#1}>(at::TensorIteratorBase&, at::CUDAGeneratorImpl*, at::native::templates::cuda::normal_and_transform<c10::Half, float, at::CUDAGeneratorImpl*, at::native::templates::cuda::normal_kernel<at::CUDAGeneratorImpl*>(at::TensorBase const&, double, double, at::CUDAGeneratorImpl*)::{lambda()#1}::operator()() const::{lambda()#3}::operator()() const::{lambda(float)#1}>(at::TensorIteratorBase&, at::CUDAGeneratorImpl*, at::native::templates::cuda::normal_kernel<at::CUDAGeneratorImpl*>(at::TensorBase const&, double, double, at::CUDAGeneratorImpl*)::{lambda()#1}::operator()() const::{lambda()#3}::operator()() const::{lambda(float)#1})::{lambda(hiprandStatePhilox4_32_10*)#2} const&, at::native::templates::cuda::normal_kernel<at::CUDAGeneratorImpl*>(at::TensorBase const&, double, double, at::CUDAGeneratorImpl*)::{lambda()#1}::operator()() const::{lambda()#3}::operator()() const::{lambda(float)#1})::{lambda(int, float)#1}>(long, at::PhiloxCudaState, at::native::templates::cuda::normal_and_transform<c10::Half, float, at::CUDAGeneratorImpl*, at::native::templates::cuda::normal_kernel<at::CUDAGeneratorImpl*>(at::TensorBase const&, double, double, at::CUDAGeneratorImpl*)::{lambda()#1}::operator()() const::{lambda()#3}::operator()() const::{lambda(float)#1}>(at::TensorIteratorBase&, at::CUDAGeneratorImpl*, at::native::templates::cuda::normal_kernel<at::CUDAGeneratorImpl*>(at::TensorBase const&, double, double, at::CUDAGeneratorImpl*)::{lambda()#1}::operator()() const::{lambda()#3}::operator()() const::{lambda(float)#1})::{lambda(hiprandStatePhilox4_32_10*)#2}, at::native::(anonymous namespace)::distribution_nullary_kernel<c10::Half, float, HIP_vector_type<float, 4u>, at::CUDAGeneratorImpl*, at::native::templates::cuda::normal_and_transform<c10::Half, float, at::CUDAGeneratorImpl*, at::native::templates::cuda::normal_kernel<at::CUDAGeneratorImpl*>(at::TensorBase const&, double, double, at::CUDAGeneratorImpl*)::{lambda()#1}::operator()() const::{lambda()#3}::operator()() const::{lambda(float)#1}>(at::TensorIteratorBase&, at::CUDAGeneratorImpl*, at::native::templates::cuda::normal_kernel<at::CUDAGeneratorImpl*>(at::TensorBase const&, double, double, at::CUDAGeneratorImpl*)::{lambda()#1}::operator()() const::{lambda()#3}::operator()() const::{lambda(float)#1})::{lambda(hiprandStatePhilox4_32_10*)#2}, at::native::templates::cuda::normal_kernel<at::CUDAGeneratorImpl*>(at::TensorBase const&, double, double, at::CUDAGeneratorImpl*)::{lambda()#1}::operator()() const::{lambda()#3}::operator()() const::{lambda(float)#1}>(at::TensorIteratorBase&, at::CUDAGeneratorImpl*, at::native::templates::cuda::normal_and_transform<c10::Half, float, at::CUDAGeneratorImpl*, at::native::templates::cuda::normal_kernel<at::CUDAGeneratorImpl*>(at::TensorBase const&, double, double, at::CUDAGeneratorImpl*)::{lambda()#1}::operator()() const::{lambda()#3}::operator()() const::{lambda(float)#1}>(at::TensorIteratorBase&, at::CUDAGeneratorImpl*, at::native::templates::cuda::normal_kernel<at::CUDAGeneratorImpl*>(at::TensorBase const&, double, double, at::CUDAGeneratorImpl*)::{lambda()#1}::operator()() const::{lambda()#3}::operator()() const::{lambda(float)#1})::{lambda(hiprandStatePhilox4_32_10*)#2} const&, at::native::templates::cuda::normal_kernel<at::CUDAGeneratorImpl*>(at::TensorBase const&, double, double, at::CUDAGeneratorImpl*)::{lambda()#1}::operator()() const::{lambda()#3}::operator()() const::{lambda(float)#1})::{lambda(int, float)#1})",28,474292223516511,474292223521723,0,0,256,1,1,524288,1,1
"KERNEL_DISPATCH",7,3,164043,29,26,"void at::native::(anonymous namespace)::distribution_elementwise_grid_stride_kernel<float, 4, at::native::templates::cuda::normal_and_transform<c10::Half, float, at::CUDAGeneratorImpl*, at::native::templates::cuda::normal_kernel<at::CUDAGeneratorImpl*>(at::TensorBase const&, double, double, at::CUDAGeneratorImpl*)::{lambda()#1}::operator()() const::{lambda()#3}::operator()() const::{lambda(float)#1}>(at::TensorIteratorBase&, at::CUDAGeneratorImpl*, at::native::templates::cuda::normal_kernel<at::CUDAGeneratorImpl*>(at::TensorBase const&, double, double, at::CUDAGeneratorImpl*)::{lambda()#1}::operator()() const::{lambda()#3}::operator()() const::{lambda(float)#1})::{lambda(hiprandStatePhilox4_32_10*)#2}, at::native::(anonymous namespace)::distribution_nullary_kernel<c10::Half, float, HIP_vector_type<float, 4u>, at::CUDAGeneratorImpl*, at::native::templates::cuda::normal_and_transform<c10::Half, float, at::CUDAGeneratorImpl*, at::native::templates::cuda::normal_kernel<at::CUDAGeneratorImpl*>(at::TensorBase const&, double, double, at::CUDAGeneratorImpl*)::{lambda()#1}::operator()() const::{lambda()#3}::operator()() const::{lambda(float)#1}>(at::TensorIteratorBase&, at::CUDAGeneratorImpl*, at::native::templates::cuda::normal_kernel<at::CUDAGeneratorImpl*>(at::TensorBase const&, double, double, at::CUDAGeneratorImpl*)::{lambda()#1}::operator()() const::{lambda()#3}::operator()() const::{lambda(float)#1})::{lambda(hiprandStatePhilox4_32_10*)#2}, at::native::templates::cuda::normal_kernel<at::CUDAGeneratorImpl*>(at::TensorBase const&, double, double, at::CUDAGeneratorImpl*)::{lambda()#1}::operator()() const::{lambda()#3}::operator()() const::{lambda(float)#1}>(at::TensorIteratorBase&, at::CUDAGeneratorImpl*, at::native::templates::cuda::normal_and_transform<c10::Half, float, at::CUDAGeneratorImpl*, at::native::templates::cuda::normal_kernel<at::CUDAGeneratorImpl*>(at::TensorBase const&, double, double, at::CUDAGeneratorImpl*)::{lambda()#1}::operator()() const::{lambda()#3}::operator()() const::{lambda(float)#1}>(at::TensorIteratorBase&, at::CUDAGeneratorImpl*, at::native::templates::cuda::normal_kernel<at::CUDAGeneratorImpl*>(at::TensorBase const&, double, double, at::CUDAGeneratorImpl*)::{lambda()#1}::operator()() const::{lambda()#3}::operator()() const::{lambda(float)#1})::{lambda(hiprandStatePhilox4_32_10*)#2} const&, at::native::templates::cuda::normal_kernel<at::CUDAGeneratorImpl*>(at::TensorBase const&, double, double, at::CUDAGeneratorImpl*)::{lambda()#1}::operator()() const::{lambda()#3}::operator()() const::{lambda(float)#1})::{lambda(int, float)#1}>(long, at::PhiloxCudaState, at::native::templates::cuda::normal_and_transform<c10::Half, float, at::CUDAGeneratorImpl*, at::native::templates::cuda::normal_kernel<at::CUDAGeneratorImpl*>(at::TensorBase const&, double, double, at::CUDAGeneratorImpl*)::{lambda()#1}::operator()() const::{lambda()#3}::operator()() const::{lambda(float)#1}>(at::TensorIteratorBase&, at::CUDAGeneratorImpl*, at::native::templates::cuda::normal_kernel<at::CUDAGeneratorImpl*>(at::TensorBase const&, double, double, at::CUDAGeneratorImpl*)::{lambda()#1}::operator()() const::{lambda()#3}::operator()() const::{lambda(float)#1})::{lambda(hiprandStatePhilox4_32_10*)#2}, at::native::(anonymous namespace)::distribution_nullary_kernel<c10::Half, float, HIP_vector_type<float, 4u>, at::CUDAGeneratorImpl*, at::native::templates::cuda::normal_and_transform<c10::Half, float, at::CUDAGeneratorImpl*, at::native::templates::cuda::normal_kernel<at::CUDAGeneratorImpl*>(at::TensorBase const&, double, double, at::CUDAGeneratorImpl*)::{lambda()#1}::operator()() const::{lambda()#3}::operator()() const::{lambda(float)#1}>(at::TensorIteratorBase&, at::CUDAGeneratorImpl*, at::native::templates::cuda::normal_kernel<at::CUDAGeneratorImpl*>(at::TensorBase const&, double, double, at::CUDAGeneratorImpl*)::{lambda()#1}::operator()() const::{lambda()#3}::operator()() const::{lambda(float)#1})::{lambda(hiprandStatePhilox4_32_10*)#2}, at::native::templates::cuda::normal_kernel<at::CUDAGeneratorImpl*>(at::TensorBase const&, double, double, at::CUDAGeneratorImpl*)::{lambda()#1}::operator()() const::{lambda()#3}::operator()() const::{lambda(float)#1}>(at::TensorIteratorBase&, at::CUDAGeneratorImpl*, at::native::templates::cuda::normal_and_transform<c10::Half, float, at::CUDAGeneratorImpl*, at::native::templates::cuda::normal_kernel<at::CUDAGeneratorImpl*>(at::TensorBase const&, double, double, at::CUDAGeneratorImpl*)::{lambda()#1}::operator()() const::{lambda()#3}::operator()() const::{lambda(float)#1}>(at::TensorIteratorBase&, at::CUDAGeneratorImpl*, at::native::templates::cuda::normal_kernel<at::CUDAGeneratorImpl*>(at::TensorBase const&, double, double, at::CUDAGeneratorImpl*)::{lambda()#1}::operator()() const::{lambda()#3}::operator()() const::{lambda(float)#1})::{lambda(hiprandStatePhilox4_32_10*)#2} const&, at::native::templates::cuda::normal_kernel<at::CUDAGeneratorImpl*>(at::TensorBase const&, double, double, at::CUDAGeneratorImpl*)::{lambda()#1}::operator()() const::{lambda()#3}::operator()() const::{lambda(float)#1})::{lambda(int, float)#1})",29,474292223521723,474292223526694,0,0,256,1,1,262144,1,1
"KERNEL_DISPATCH",7,3,164043,30,26,"void at::native::(anonymous namespace)::distribution_elementwise_grid_stride_kernel<float, 4, at::native::templates::cuda::normal_and_transform<c10::Half, float, at::CUDAGeneratorImpl*, at::native::templates::cuda::normal_kernel<at::CUDAGeneratorImpl*>(at::TensorBase const&, double, double, at::CUDAGeneratorImpl*)::{lambda()#1}::operator()() const::{lambda()#3}::operator()() const::{lambda(float)#1}>(at::TensorIteratorBase&, at::CUDAGeneratorImpl*, at::native::templates::cuda::normal_kernel<at::CUDAGeneratorImpl*>(at::TensorBase const&, double, double, at::CUDAGeneratorImpl*)::{lambda()#1}::operator()() const::{lambda()#3}::operator()() const::{lambda(float)#1})::{lambda(hiprandStatePhilox4_32_10*)#2}, at::native::(anonymous namespace)::distribution_nullary_kernel<c10::Half, float, HIP_vector_type<float, 4u>, at::CUDAGeneratorImpl*, at::native::templates::cuda::normal_and_transform<c10::Half, float, at::CUDAGeneratorImpl*, at::native::templates::cuda::normal_kernel<at::CUDAGeneratorImpl*>(at::TensorBase const&, double, double, at::CUDAGeneratorImpl*)::{lambda()#1}::operator()() const::{lambda()#3}::operator()() const::{lambda(float)#1}>(at::TensorIteratorBase&, at::CUDAGeneratorImpl*, at::native::templates::cuda::normal_kernel<at::CUDAGeneratorImpl*>(at::TensorBase const&, double, double, at::CUDAGeneratorImpl*)::{lambda()#1}::operator()() const::{lambda()#3}::operator()() const::{lambda(float)#1})::{lambda(hiprandStatePhilox4_32_10*)#2}, at::native::templates::cuda::normal_kernel<at::CUDAGeneratorImpl*>(at::TensorBase const&, double, double, at::CUDAGeneratorImpl*)::{lambda()#1}::operator()() const::{lambda()#3}::operator()() const::{lambda(float)#1}>(at::TensorIteratorBase&, at::CUDAGeneratorImpl*, at::native::templates::cuda::normal_and_transform<c10::Half, float, at::CUDAGeneratorImpl*, at::native::templates::cuda::normal_kernel<at::CUDAGeneratorImpl*>(at::TensorBase const&, double, double, at::CUDAGeneratorImpl*)::{lambda()#1}::operator()() const::{lambda()#3}::operator()() const::{lambda(float)#1}>(at::TensorIteratorBase&, at::CUDAGeneratorImpl*, at::native::templates::cuda::normal_kernel<at::CUDAGeneratorImpl*>(at::TensorBase const&, double, double, at::CUDAGeneratorImpl*)::{lambda()#1}::operator()() const::{lambda()#3}::operator()() const::{lambda(float)#1})::{lambda(hiprandStatePhilox4_32_10*)#2} const&, at::native::templates::cuda::normal_kernel<at::CUDAGeneratorImpl*>(at::TensorBase const&, double, double, at::CUDAGeneratorImpl*)::{lambda()#1}::operator()() const::{lambda()#3}::operator()() const::{lambda(float)#1})::{lambda(int, float)#1}>(long, at::PhiloxCudaState, at::native::templates::cuda::normal_and_transform<c10::Half, float, at::CUDAGeneratorImpl*, at::native::templates::cuda::normal_kernel<at::CUDAGeneratorImpl*>(at::TensorBase const&, double, double, at::CUDAGeneratorImpl*)::{lambda()#1}::operator()() const::{lambda()#3}::operator()() const::{lambda(float)#1}>(at::TensorIteratorBase&, at::CUDAGeneratorImpl*, at::native::templates::cuda::normal_kernel<at::CUDAGeneratorImpl*>(at::TensorBase const&, double, double, at::CUDAGeneratorImpl*)::{lambda()#1}::operator()() const::{lambda()#3}::operator()() const::{lambda(float)#1})::{lambda(hiprandStatePhilox4_32_10*)#2}, at::native::(anonymous namespace)::distribution_nullary_kernel<c10::Half, float, HIP_vector_type<float, 4u>, at::CUDAGeneratorImpl*, at::native::templates::cuda::normal_and_transform<c10::Half, float, at::CUDAGeneratorImpl*, at::native::templates::cuda::normal_kernel<at::CUDAGeneratorImpl*>(at::TensorBase const&, double, double, at::CUDAGeneratorImpl*)::{lambda()#1}::operator()() const::{lambda()#3}::operator()() const::{lambda(float)#1}>(at::TensorIteratorBase&, at::CUDAGeneratorImpl*, at::native::templates::cuda::normal_kernel<at::CUDAGeneratorImpl*>(at::TensorBase const&, double, double, at::CUDAGeneratorImpl*)::{lambda()#1}::operator()() const::{lambda()#3}::operator()() const::{lambda(float)#1})::{lambda(hiprandStatePhilox4_32_10*)#2}, at::native::templates::cuda::normal_kernel<at::CUDAGeneratorImpl*>(at::TensorBase const&, double, double, at::CUDAGeneratorImpl*)::{lambda()#1}::operator()() const::{lambda()#3}::operator()() const::{lambda(float)#1}>(at::TensorIteratorBase&, at::CUDAGeneratorImpl*, at::native::templates::cuda::normal_and_transform<c10::Half, float, at::CUDAGeneratorImpl*, at::native::templates::cuda::normal_kernel<at::CUDAGeneratorImpl*>(at::TensorBase const&, double, double, at::CUDAGeneratorImpl*)::{lambda()#1}::operator()() const::{lambda()#3}::operator()() const::{lambda(float)#1}>(at::TensorIteratorBase&, at::CUDAGeneratorImpl*, at::native::templates::cuda::normal_kernel<at::CUDAGeneratorImpl*>(at::TensorBase const&, double, double, at::CUDAGeneratorImpl*)::{lambda()#1}::operator()() const::{lambda()#3}::operator()() const::{lambda(float)#1})::{lambda(hiprandStatePhilox4_32_10*)#2} const&, at::native::templates::cuda::normal_kernel<at::CUDAGeneratorImpl*>(at::TensorBase const&, double, double, at::CUDAGeneratorImpl*)::{lambda()#1}::operator()() const::{lambda()#3}::operator()() const::{lambda(float)#1})::{lambda(int, float)#1})",30,474292223526694,474292223531626,0,0,256,1,1,262144,1,1
"KERNEL_DISPATCH",7,3,164043,31,26,"void at::native::(anonymous namespace)::distribution_elementwise_grid_stride_kernel<float, 4, at::native::templates::cuda::normal_and_transform<c10::Half, float, at::CUDAGeneratorImpl*, at::native::templates::cuda::normal_kernel<at::CUDAGeneratorImpl*>(at::TensorBase const&, double, double, at::CUDAGeneratorImpl*)::{lambda()#1}::operator()() const::{lambda()#3}::operator()() const::{lambda(float)#1}>(at::TensorIteratorBase&, at::CUDAGeneratorImpl*, at::native::templates::cuda::normal_kernel<at::CUDAGeneratorImpl*>(at::TensorBase const&, double, double, at::CUDAGeneratorImpl*)::{lambda()#1}::operator()() const::{lambda()#3}::operator()() const::{lambda(float)#1})::{lambda(hiprandStatePhilox4_32_10*)#2}, at::native::(anonymous namespace)::distribution_nullary_kernel<c10::Half, float, HIP_vector_type<float, 4u>, at::CUDAGeneratorImpl*, at::native::templates::cuda::normal_and_transform<c10::Half, float, at::CUDAGeneratorImpl*, at::native::templates::cuda::normal_kernel<at::CUDAGeneratorImpl*>(at::TensorBase const&, double, double, at::CUDAGeneratorImpl*)::{lambda()#1}::operator()() const::{lambda()#3}::operator()() const::{lambda(float)#1}>(at::TensorIteratorBase&, at::CUDAGeneratorImpl*, at::native::templates::cuda::normal_kernel<at::CUDAGeneratorImpl*>(at::TensorBase const&, double, double, at::CUDAGeneratorImpl*)::{lambda()#1}::operator()() const::{lambda()#3}::operator()() const::{lambda(float)#1})::{lambda(hiprandStatePhilox4_32_10*)#2}, at::native::templates::cuda::normal_kernel<at::CUDAGeneratorImpl*>(at::TensorBase const&, double, double, at::CUDAGeneratorImpl*)::{lambda()#1}::operator()() const::{lambda()#3}::operator()() const::{lambda(float)#1}>(at::TensorIteratorBase&, at::CUDAGeneratorImpl*, at::native::templates::cuda::normal_and_transform<c10::Half, float, at::CUDAGeneratorImpl*, at::native::templates::cuda::normal_kernel<at::CUDAGeneratorImpl*>(at::TensorBase const&, double, double, at::CUDAGeneratorImpl*)::{lambda()#1}::operator()() const::{lambda()#3}::operator()() const::{lambda(float)#1}>(at::TensorIteratorBase&, at::CUDAGeneratorImpl*, at::native::templates::cuda::normal_kernel<at::CUDAGeneratorImpl*>(at::TensorBase const&, double, double, at::CUDAGeneratorImpl*)::{lambda()#1}::operator()() const::{lambda()#3}::operator()() const::{lambda(float)#1})::{lambda(hiprandStatePhilox4_32_10*)#2} const&, at::native::templates::cuda::normal_kernel<at::CUDAGeneratorImpl*>(at::TensorBase const&, double, double, at::CUDAGeneratorImpl*)::{lambda()#1}::operator()() const::{lambda()#3}::operator()() const::{lambda(float)#1})::{lambda(int, float)#1}>(long, at::PhiloxCudaState, at::native::templates::cuda::normal_and_transform<c10::Half, float, at::CUDAGeneratorImpl*, at::native::templates::cuda::normal_kernel<at::CUDAGeneratorImpl*>(at::TensorBase const&, double, double, at::CUDAGeneratorImpl*)::{lambda()#1}::operator()() const::{lambda()#3}::operator()() const::{lambda(float)#1}>(at::TensorIteratorBase&, at::CUDAGeneratorImpl*, at::native::templates::cuda::normal_kernel<at::CUDAGeneratorImpl*>(at::TensorBase const&, double, double, at::CUDAGeneratorImpl*)::{lambda()#1}::operator()() const::{lambda()#3}::operator()() const::{lambda(float)#1})::{lambda(hiprandStatePhilox4_32_10*)#2}, at::native::(anonymous namespace)::distribution_nullary_kernel<c10::Half, float, HIP_vector_type<float, 4u>, at::CUDAGeneratorImpl*, at::native::templates::cuda::normal_and_transform<c10::Half, float, at::CUDAGeneratorImpl*, at::native::templates::cuda::normal_kernel<at::CUDAGeneratorImpl*>(at::TensorBase const&, double, double, at::CUDAGeneratorImpl*)::{lambda()#1}::operator()() const::{lambda()#3}::operator()() const::{lambda(float)#1}>(at::TensorIteratorBase&, at::CUDAGeneratorImpl*, at::native::templates::cuda::normal_kernel<at::CUDAGeneratorImpl*>(at::TensorBase const&, double, double, at::CUDAGeneratorImpl*)::{lambda()#1}::operator()() const::{lambda()#3}::operator()() const::{lambda(float)#1})::{lambda(hiprandStatePhilox4_32_10*)#2}, at::native::templates::cuda::normal_kernel<at::CUDAGeneratorImpl*>(at::TensorBase const&, double, double, at::CUDAGeneratorImpl*)::{lambda()#1}::operator()() const::{lambda()#3}::operator()() const::{lambda(float)#1}>(at::TensorIteratorBase&, at::CUDAGeneratorImpl*, at::native::templates::cuda::normal_and_transform<c10::Half, float, at::CUDAGeneratorImpl*, at::native::templates::cuda::normal_kernel<at::CUDAGeneratorImpl*>(at::TensorBase const&, double, double, at::CUDAGeneratorImpl*)::{lambda()#1}::operator()() const::{lambda()#3}::operator()() const::{lambda(float)#1}>(at::TensorIteratorBase&, at::CUDAGeneratorImpl*, at::native::templates::cuda::normal_kernel<at::CUDAGeneratorImpl*>(at::TensorBase const&, double, double, at::CUDAGeneratorImpl*)::{lambda()#1}::operator()() const::{lambda()#3}::operator()() const::{lambda(float)#1})::{lambda(hiprandStatePhilox4_32_10*)#2} const&, at::native::templates::cuda::normal_kernel<at::CUDAGeneratorImpl*>(at::TensorBase const&, double, double, at::CUDAGeneratorImpl*)::{lambda()#1}::operator()() const::{lambda()#3}::operator()() const::{lambda(float)#1})::{lambda(int, float)#1})",31,474292223531626,474292223591723,0,0,256,1,1,622592,1,1
"KERNEL_DISPATCH",7,3,164043,32,26,"void at::native::(anonymous namespace)::distribution_elementwise_grid_stride_kernel<float, 4, at::native::templates::cuda::normal_and_transform<c10::Half, float, at::CUDAGeneratorImpl*, at::native::templates::cuda::normal_kernel<at::CUDAGeneratorImpl*>(at::TensorBase const&, double, double, at::CUDAGeneratorImpl*)::{lambda()#1}::operator()() const::{lambda()#3}::operator()() const::{lambda(float)#1}>(at::TensorIteratorBase&, at::CUDAGeneratorImpl*, at::native::templates::cuda::normal_kernel<at::CUDAGeneratorImpl*>(at::TensorBase const&, double, double, at::CUDAGeneratorImpl*)::{lambda()#1}::operator()() const::{lambda()#3}::operator()() const::{lambda(float)#1})::{lambda(hiprandStatePhilox4_32_10*)#2}, at::native::(anonymous namespace)::distribution_nullary_kernel<c10::Half, float, HIP_vector_type<float, 4u>, at::CUDAGeneratorImpl*, at::native::templates::cuda::normal_and_transform<c10::Half, float, at::CUDAGeneratorImpl*, at::native::templates::cuda::normal_kernel<at::CUDAGeneratorImpl*>(at::TensorBase const&, double, double, at::CUDAGeneratorImpl*)::{lambda()#1}::operator()() const::{lambda()#3}::operator()() const::{lambda(float)#1}>(at::TensorIteratorBase&, at::CUDAGeneratorImpl*, at::native::templates::cuda::normal_kernel<at::CUDAGeneratorImpl*>(at::TensorBase const&, double, double, at::CUDAGeneratorImpl*)::{lambda()#1}::operator()() const::{lambda()#3}::operator()() const::{lambda(float)#1})::{lambda(hiprandStatePhilox4_32_10*)#2}, at::native::templates::cuda::normal_kernel<at::CUDAGeneratorImpl*>(at::TensorBase const&, double, double, at::CUDAGeneratorImpl*)::{lambda()#1}::operator()() const::{lambda()#3}::operator()() const::{lambda(float)#1}>(at::TensorIteratorBase&, at::CUDAGeneratorImpl*, at::native::templates::cuda::normal_and_transform<c10::Half, float, at::CUDAGeneratorImpl*, at::native::templates::cuda::normal_kernel<at::CUDAGeneratorImpl*>(at::TensorBase const&, double, double, at::CUDAGeneratorImpl*)::{lambda()#1}::operator()() const::{lambda()#3}::operator()() const::{lambda(float)#1}>(at::TensorIteratorBase&, at::CUDAGeneratorImpl*, at::native::templates::cuda::normal_kernel<at::CUDAGeneratorImpl*>(at::TensorBase const&, double, double, at::CUDAGeneratorImpl*)::{lambda()#1}::operator()() const::{lambda()#3}::operator()() const::{lambda(float)#1})::{lambda(hiprandStatePhilox4_32_10*)#2} const&, at::native::templates::cuda::normal_kernel<at::CUDAGeneratorImpl*>(at::TensorBase const&, double, double, at::CUDAGeneratorImpl*)::{lambda()#1}::operator()() const::{lambda()#3}::operator()() const::{lambda(float)#1})::{lambda(int, float)#1}>(long, at::PhiloxCudaState, at::native::templates::cuda::normal_and_transform<c10::Half, float, at::CUDAGeneratorImpl*, at::native::templates::cuda::normal_kernel<at::CUDAGeneratorImpl*>(at::TensorBase const&, double, double, at::CUDAGeneratorImpl*)::{lambda()#1}::operator()() const::{lambda()#3}::operator()() const::{lambda(float)#1}>(at::TensorIteratorBase&, at::CUDAGeneratorImpl*, at::native::templates::cuda::normal_kernel<at::CUDAGeneratorImpl*>(at::TensorBase const&, double, double, at::CUDAGeneratorImpl*)::{lambda()#1}::operator()() const::{lambda()#3}::operator()() const::{lambda(float)#1})::{lambda(hiprandStatePhilox4_32_10*)#2}, at::native::(anonymous namespace)::distribution_nullary_kernel<c10::Half, float, HIP_vector_type<float, 4u>, at::CUDAGeneratorImpl*, at::native::templates::cuda::normal_and_transform<c10::Half, float, at::CUDAGeneratorImpl*, at::native::templates::cuda::normal_kernel<at::CUDAGeneratorImpl*>(at::TensorBase const&, double, double, at::CUDAGeneratorImpl*)::{lambda()#1}::operator()() const::{lambda()#3}::operator()() const::{lambda(float)#1}>(at::TensorIteratorBase&, at::CUDAGeneratorImpl*, at::native::templates::cuda::normal_kernel<at::CUDAGeneratorImpl*>(at::TensorBase const&, double, double, at::CUDAGeneratorImpl*)::{lambda()#1}::operator()() const::{lambda()#3}::operator()() const::{lambda(float)#1})::{lambda(hiprandStatePhilox4_32_10*)#2}, at::native::templates::cuda::normal_kernel<at::CUDAGeneratorImpl*>(at::TensorBase const&, double, double, at::CUDAGeneratorImpl*)::{lambda()#1}::operator()() const::{lambda()#3}::operator()() const::{lambda(float)#1}>(at::TensorIteratorBase&, at::CUDAGeneratorImpl*, at::native::templates::cuda::normal_and_transform<c10::Half, float, at::CUDAGeneratorImpl*, at::native::templates::cuda::normal_kernel<at::CUDAGeneratorImpl*>(at::TensorBase const&, double, double, at::CUDAGeneratorImpl*)::{lambda()#1}::operator()() const::{lambda()#3}::operator()() const::{lambda(float)#1}>(at::TensorIteratorBase&, at::CUDAGeneratorImpl*, at::native::templates::cuda::normal_kernel<at::CUDAGeneratorImpl*>(at::TensorBase const&, double, double, at::CUDAGeneratorImpl*)::{lambda()#1}::operator()() const::{lambda()#3}::operator()() const::{lambda(float)#1})::{lambda(hiprandStatePhilox4_32_10*)#2} const&, at::native::templates::cuda::normal_kernel<at::CUDAGeneratorImpl*>(at::TensorBase const&, double, double, at::CUDAGeneratorImpl*)::{lambda()#1}::operator()() const::{lambda()#3}::operator()() const::{lambda(float)#1})::{lambda(int, float)#1})",32,474292223595812,474292223635664,0,0,256,1,1,622592,1,1
"KERNEL_DISPATCH",7,3,164043,33,26,"void at::native::(anonymous namespace)::distribution_elementwise_grid_stride_kernel<float, 4, at::native::templates::cuda::normal_and_transform<c10::Half, float, at::CUDAGeneratorImpl*, at::native::templates::cuda::normal_kernel<at::CUDAGeneratorImpl*>(at::TensorBase const&, double, double, at::CUDAGeneratorImpl*)::{lambda()#1}::operator()() const::{lambda()#3}::operator()() const::{lambda(float)#1}>(at::TensorIteratorBase&, at::CUDAGeneratorImpl*, at::native::templates::cuda::normal_kernel<at::CUDAGeneratorImpl*>(at::TensorBase const&, double, double, at::CUDAGeneratorImpl*)::{lambda()#1}::operator()() const::{lambda()#3}::operator()() const::{lambda(float)#1})::{lambda(hiprandStatePhilox4_32_10*)#2}, at::native::(anonymous namespace)::distribution_nullary_kernel<c10::Half, float, HIP_vector_type<float, 4u>, at::CUDAGeneratorImpl*, at::native::templates::cuda::normal_and_transform<c10::Half, float, at::CUDAGeneratorImpl*, at::native::templates::cuda::normal_kernel<at::CUDAGeneratorImpl*>(at::TensorBase const&, double, double, at::CUDAGeneratorImpl*)::{lambda()#1}::operator()() const::{lambda()#3}::operator()() const::{lambda(float)#1}>(at::TensorIteratorBase&, at::CUDAGeneratorImpl*, at::native::templates::cuda::normal_kernel<at::CUDAGeneratorImpl*>(at::TensorBase const&, double, double, at::CUDAGeneratorImpl*)::{lambda()#1}::operator()() const::{lambda()#3}::operator()() const::{lambda(float)#1})::{lambda(hiprandStatePhilox4_32_10*)#2}, at::native::templates::cuda::normal_kernel<at::CUDAGeneratorImpl*>(at::TensorBase const&, double, double, at::CUDAGeneratorImpl*)::{lambda()#1}::operator()() const::{lambda()#3}::operator()() const::{lambda(float)#1}>(at::TensorIteratorBase&, at::CUDAGeneratorImpl*, at::native::templates::cuda::normal_and_transform<c10::Half, float, at::CUDAGeneratorImpl*, at::native::templates::cuda::normal_kernel<at::CUDAGeneratorImpl*>(at::TensorBase const&, double, double, at::CUDAGeneratorImpl*)::{lambda()#1}::operator()() const::{lambda()#3}::operator()() const::{lambda(float)#1}>(at::TensorIteratorBase&, at::CUDAGeneratorImpl*, at::native::templates::cuda::normal_kernel<at::CUDAGeneratorImpl*>(at::TensorBase const&, double, double, at::CUDAGeneratorImpl*)::{lambda()#1}::operator()() const::{lambda()#3}::operator()() const::{lambda(float)#1})::{lambda(hiprandStatePhilox4_32_10*)#2} const&, at::native::templates::cuda::normal_kernel<at::CUDAGeneratorImpl*>(at::TensorBase const&, double, double, at::CUDAGeneratorImpl*)::{lambda()#1}::operator()() const::{lambda()#3}::operator()() const::{lambda(float)#1})::{lambda(int, float)#1}>(long, at::PhiloxCudaState, at::native::templates::cuda::normal_and_transform<c10::Half, float, at::CUDAGeneratorImpl*, at::native::templates::cuda::normal_kernel<at::CUDAGeneratorImpl*>(at::TensorBase const&, double, double, at::CUDAGeneratorImpl*)::{lambda()#1}::operator()() const::{lambda()#3}::operator()() const::{lambda(float)#1}>(at::TensorIteratorBase&, at::CUDAGeneratorImpl*, at::native::templates::cuda::normal_kernel<at::CUDAGeneratorImpl*>(at::TensorBase const&, double, double, at::CUDAGeneratorImpl*)::{lambda()#1}::operator()() const::{lambda()#3}::operator()() const::{lambda(float)#1})::{lambda(hiprandStatePhilox4_32_10*)#2}, at::native::(anonymous namespace)::distribution_nullary_kernel<c10::Half, float, HIP_vector_type<float, 4u>, at::CUDAGeneratorImpl*, at::native::templates::cuda::normal_and_transform<c10::Half, float, at::CUDAGeneratorImpl*, at::native::templates::cuda::normal_kernel<at::CUDAGeneratorImpl*>(at::TensorBase const&, double, double, at::CUDAGeneratorImpl*)::{lambda()#1}::operator()() const::{lambda()#3}::operator()() const::{lambda(float)#1}>(at::TensorIteratorBase&, at::CUDAGeneratorImpl*, at::native::templates::cuda::normal_kernel<at::CUDAGeneratorImpl*>(at::TensorBase const&, double, double, at::CUDAGeneratorImpl*)::{lambda()#1}::operator()() const::{lambda()#3}::operator()() const::{lambda(float)#1})::{lambda(hiprandStatePhilox4_32_10*)#2}, at::native::templates::cuda::normal_kernel<at::CUDAGeneratorImpl*>(at::TensorBase const&, double, double, at::CUDAGeneratorImpl*)::{lambda()#1}::operator()() const::{lambda()#3}::operator()() const::{lambda(float)#1}>(at::TensorIteratorBase&, at::CUDAGeneratorImpl*, at::native::templates::cuda::normal_and_transform<c10::Half, float, at::CUDAGeneratorImpl*, at::native::templates::cuda::normal_kernel<at::CUDAGeneratorImpl*>(at::TensorBase const&, double, double, at::CUDAGeneratorImpl*)::{lambda()#1}::operator()() const::{lambda()#3}::operator()() const::{lambda(float)#1}>(at::TensorIteratorBase&, at::CUDAGeneratorImpl*, at::native::templates::cuda::normal_kernel<at::CUDAGeneratorImpl*>(at::TensorBase const&, double, double, at::CUDAGeneratorImpl*)::{lambda()#1}::operator()() const::{lambda()#3}::operator()() const::{lambda(float)#1})::{lambda(hiprandStatePhilox4_32_10*)#2} const&, at::native::templates::cuda::normal_kernel<at::CUDAGeneratorImpl*>(at::TensorBase const&, double, double, at::CUDAGeneratorImpl*)::{lambda()#1}::operator()() const::{lambda()#3}::operator()() const::{lambda(float)#1})::{lambda(int, float)#1})",33,474292223639652,474292223679383,0,0,256,1,1,622592,1,1
"KERNEL_DISPATCH",7,3,164043,34,26,"void at::native::(anonymous namespace)::distribution_elementwise_grid_stride_kernel<float, 4, at::native::templates::cuda::normal_and_transform<c10::Half, float, at::CUDAGeneratorImpl*, at::native::templates::cuda::normal_kernel<at::CUDAGeneratorImpl*>(at::TensorBase const&, double, double, at::CUDAGeneratorImpl*)::{lambda()#1}::operator()() const::{lambda()#3}::operator()() const::{lambda(float)#1}>(at::TensorIteratorBase&, at::CUDAGeneratorImpl*, at::native::templates::cuda::normal_kernel<at::CUDAGeneratorImpl*>(at::TensorBase const&, double, double, at::CUDAGeneratorImpl*)::{lambda()#1}::operator()() const::{lambda()#3}::operator()() const::{lambda(float)#1})::{lambda(hiprandStatePhilox4_32_10*)#2}, at::native::(anonymous namespace)::distribution_nullary_kernel<c10::Half, float, HIP_vector_type<float, 4u>, at::CUDAGeneratorImpl*, at::native::templates::cuda::normal_and_transform<c10::Half, float, at::CUDAGeneratorImpl*, at::native::templates::cuda::normal_kernel<at::CUDAGeneratorImpl*>(at::TensorBase const&, double, double, at::CUDAGeneratorImpl*)::{lambda()#1}::operator()() const::{lambda()#3}::operator()() const::{lambda(float)#1}>(at::TensorIteratorBase&, at::CUDAGeneratorImpl*, at::native::templates::cuda::normal_kernel<at::CUDAGeneratorImpl*>(at::TensorBase const&, double, double, at::CUDAGeneratorImpl*)::{lambda()#1}::operator()() const::{lambda()#3}::operator()() const::{lambda(float)#1})::{lambda(hiprandStatePhilox4_32_10*)#2}, at::native::templates::cuda::normal_kernel<at::CUDAGeneratorImpl*>(at::TensorBase const&, double, double, at::CUDAGeneratorImpl*)::{lambda()#1}::operator()() const::{lambda()#3}::operator()() const::{lambda(float)#1}>(at::TensorIteratorBase&, at::CUDAGeneratorImpl*, at::native::templates::cuda::normal_and_transform<c10::Half, float, at::CUDAGeneratorImpl*, at::native::templates::cuda::normal_kernel<at::CUDAGeneratorImpl*>(at::TensorBase const&, double, double, at::CUDAGeneratorImpl*)::{lambda()#1}::operator()() const::{lambda()#3}::operator()() const::{lambda(float)#1}>(at::TensorIteratorBase&, at::CUDAGeneratorImpl*, at::native::templates::cuda::normal_kernel<at::CUDAGeneratorImpl*>(at::TensorBase const&, double, double, at::CUDAGeneratorImpl*)::{lambda()#1}::operator()() const::{lambda()#3}::operator()() const::{lambda(float)#1})::{lambda(hiprandStatePhilox4_32_10*)#2} const&, at::native::templates::cuda::normal_kernel<at::CUDAGeneratorImpl*>(at::TensorBase const&, double, double, at::CUDAGeneratorImpl*)::{lambda()#1}::operator()() const::{lambda()#3}::operator()() const::{lambda(float)#1})::{lambda(int, float)#1}>(long, at::PhiloxCudaState, at::native::templates::cuda::normal_and_transform<c10::Half, float, at::CUDAGeneratorImpl*, at::native::templates::cuda::normal_kernel<at::CUDAGeneratorImpl*>(at::TensorBase const&, double, double, at::CUDAGeneratorImpl*)::{lambda()#1}::operator()() const::{lambda()#3}::operator()() const::{lambda(float)#1}>(at::TensorIteratorBase&, at::CUDAGeneratorImpl*, at::native::templates::cuda::normal_kernel<at::CUDAGeneratorImpl*>(at::TensorBase const&, double, double, at::CUDAGeneratorImpl*)::{lambda()#1}::operator()() const::{lambda()#3}::operator()() const::{lambda(float)#1})::{lambda(hiprandStatePhilox4_32_10*)#2}, at::native::(anonymous namespace)::distribution_nullary_kernel<c10::Half, float, HIP_vector_type<float, 4u>, at::CUDAGeneratorImpl*, at::native::templates::cuda::normal_and_transform<c10::Half, float, at::CUDAGeneratorImpl*, at::native::templates::cuda::normal_kernel<at::CUDAGeneratorImpl*>(at::TensorBase const&, double, double, at::CUDAGeneratorImpl*)::{lambda()#1}::operator()() const::{lambda()#3}::operator()() const::{lambda(float)#1}>(at::TensorIteratorBase&, at::CUDAGeneratorImpl*, at::native::templates::cuda::normal_kernel<at::CUDAGeneratorImpl*>(at::TensorBase const&, double, double, at::CUDAGeneratorImpl*)::{lambda()#1}::operator()() const::{lambda()#3}::operator()() const::{lambda(float)#1})::{lambda(hiprandStatePhilox4_32_10*)#2}, at::native::templates::cuda::normal_kernel<at::CUDAGeneratorImpl*>(at::TensorBase const&, double, double, at::CUDAGeneratorImpl*)::{lambda()#1}::operator()() const::{lambda()#3}::operator()() const::{lambda(float)#1}>(at::TensorIteratorBase&, at::CUDAGeneratorImpl*, at::native::templates::cuda::normal_and_transform<c10::Half, float, at::CUDAGeneratorImpl*, at::native::templates::cuda::normal_kernel<at::CUDAGeneratorImpl*>(at::TensorBase const&, double, double, at::CUDAGeneratorImpl*)::{lambda()#1}::operator()() const::{lambda()#3}::operator()() const::{lambda(float)#1}>(at::TensorIteratorBase&, at::CUDAGeneratorImpl*, at::native::templates::cuda::normal_kernel<at::CUDAGeneratorImpl*>(at::TensorBase const&, double, double, at::CUDAGeneratorImpl*)::{lambda()#1}::operator()() const::{lambda()#3}::operator()() const::{lambda(float)#1})::{lambda(hiprandStatePhilox4_32_10*)#2} const&, at::native::templates::cuda::normal_kernel<at::CUDAGeneratorImpl*>(at::TensorBase const&, double, double, at::CUDAGeneratorImpl*)::{lambda()#1}::operator()() const::{lambda()#3}::operator()() const::{lambda(float)#1})::{lambda(int, float)#1})",34,474292223683453,474292223688505,0,0,256,1,1,524288,1,1
"KERNEL_DISPATCH",7,3,164043,35,26,"void at::native::(anonymous namespace)::distribution_elementwise_grid_stride_kernel<float, 4, at::native::templates::cuda::normal_and_transform<c10::Half, float, at::CUDAGeneratorImpl*, at::native::templates::cuda::normal_kernel<at::CUDAGeneratorImpl*>(at::TensorBase const&, double, double, at::CUDAGeneratorImpl*)::{lambda()#1}::operator()() const::{lambda()#3}::operator()() const::{lambda(float)#1}>(at::TensorIteratorBase&, at::CUDAGeneratorImpl*, at::native::templates::cuda::normal_kernel<at::CUDAGeneratorImpl*>(at::TensorBase const&, double, double, at::CUDAGeneratorImpl*)::{lambda()#1}::operator()() const::{lambda()#3}::operator()() const::{lambda(float)#1})::{lambda(hiprandStatePhilox4_32_10*)#2}, at::native::(anonymous namespace)::distribution_nullary_kernel<c10::Half, float, HIP_vector_type<float, 4u>, at::CUDAGeneratorImpl*, at::native::templates::cuda::normal_and_transform<c10::Half, float, at::CUDAGeneratorImpl*, at::native::templates::cuda::normal_kernel<at::CUDAGeneratorImpl*>(at::TensorBase const&, double, double, at::CUDAGeneratorImpl*)::{lambda()#1}::operator()() const::{lambda()#3}::operator()() const::{lambda(float)#1}>(at::TensorIteratorBase&, at::CUDAGeneratorImpl*, at::native::templates::cuda::normal_kernel<at::CUDAGeneratorImpl*>(at::TensorBase const&, double, double, at::CUDAGeneratorImpl*)::{lambda()#1}::operator()() const::{lambda()#3}::operator()() const::{lambda(float)#1})::{lambda(hiprandStatePhilox4_32_10*)#2}, at::native::templates::cuda::normal_kernel<at::CUDAGeneratorImpl*>(at::TensorBase const&, double, double, at::CUDAGeneratorImpl*)::{lambda()#1}::operator()() const::{lambda()#3}::operator()() const::{lambda(float)#1}>(at::TensorIteratorBase&, at::CUDAGeneratorImpl*, at::native::templates::cuda::normal_and_transform<c10::Half, float, at::CUDAGeneratorImpl*, at::native::templates::cuda::normal_kernel<at::CUDAGeneratorImpl*>(at::TensorBase const&, double, double, at::CUDAGeneratorImpl*)::{lambda()#1}::operator()() const::{lambda()#3}::operator()() const::{lambda(float)#1}>(at::TensorIteratorBase&, at::CUDAGeneratorImpl*, at::native::templates::cuda::normal_kernel<at::CUDAGeneratorImpl*>(at::TensorBase const&, double, double, at::CUDAGeneratorImpl*)::{lambda()#1}::operator()() const::{lambda()#3}::operator()() const::{lambda(float)#1})::{lambda(hiprandStatePhilox4_32_10*)#2} const&, at::native::templates::cuda::normal_kernel<at::CUDAGeneratorImpl*>(at::TensorBase const&, double, double, at::CUDAGeneratorImpl*)::{lambda()#1}::operator()() const::{lambda()#3}::operator()() const::{lambda(float)#1})::{lambda(int, float)#1}>(long, at::PhiloxCudaState, at::native::templates::cuda::normal_and_transform<c10::Half, float, at::CUDAGeneratorImpl*, at::native::templates::cuda::normal_kernel<at::CUDAGeneratorImpl*>(at::TensorBase const&, double, double, at::CUDAGeneratorImpl*)::{lambda()#1}::operator()() const::{lambda()#3}::operator()() const::{lambda(float)#1}>(at::TensorIteratorBase&, at::CUDAGeneratorImpl*, at::native::templates::cuda::normal_kernel<at::CUDAGeneratorImpl*>(at::TensorBase const&, double, double, at::CUDAGeneratorImpl*)::{lambda()#1}::operator()() const::{lambda()#3}::operator()() const::{lambda(float)#1})::{lambda(hiprandStatePhilox4_32_10*)#2}, at::native::(anonymous namespace)::distribution_nullary_kernel<c10::Half, float, HIP_vector_type<float, 4u>, at::CUDAGeneratorImpl*, at::native::templates::cuda::normal_and_transform<c10::Half, float, at::CUDAGeneratorImpl*, at::native::templates::cuda::normal_kernel<at::CUDAGeneratorImpl*>(at::TensorBase const&, double, double, at::CUDAGeneratorImpl*)::{lambda()#1}::operator()() const::{lambda()#3}::operator()() const::{lambda(float)#1}>(at::TensorIteratorBase&, at::CUDAGeneratorImpl*, at::native::templates::cuda::normal_kernel<at::CUDAGeneratorImpl*>(at::TensorBase const&, double, double, at::CUDAGeneratorImpl*)::{lambda()#1}::operator()() const::{lambda()#3}::operator()() const::{lambda(float)#1})::{lambda(hiprandStatePhilox4_32_10*)#2}, at::native::templates::cuda::normal_kernel<at::CUDAGeneratorImpl*>(at::TensorBase const&, double, double, at::CUDAGeneratorImpl*)::{lambda()#1}::operator()() const::{lambda()#3}::operator()() const::{lambda(float)#1}>(at::TensorIteratorBase&, at::CUDAGeneratorImpl*, at::native::templates::cuda::normal_and_transform<c10::Half, float, at::CUDAGeneratorImpl*, at::native::templates::cuda::normal_kernel<at::CUDAGeneratorImpl*>(at::TensorBase const&, double, double, at::CUDAGeneratorImpl*)::{lambda()#1}::operator()() const::{lambda()#3}::operator()() const::{lambda(float)#1}>(at::TensorIteratorBase&, at::CUDAGeneratorImpl*, at::native::templates::cuda::normal_kernel<at::CUDAGeneratorImpl*>(at::TensorBase const&, double, double, at::CUDAGeneratorImpl*)::{lambda()#1}::operator()() const::{lambda()#3}::operator()() const::{lambda(float)#1})::{lambda(hiprandStatePhilox4_32_10*)#2} const&, at::native::templates::cuda::normal_kernel<at::CUDAGeneratorImpl*>(at::TensorBase const&, double, double, at::CUDAGeneratorImpl*)::{lambda()#1}::operator()() const::{lambda()#3}::operator()() const::{lambda(float)#1})::{lambda(int, float)#1})",35,474292223688505,474292223693556,0,0,256,1,1,262144,1,1
"KERNEL_DISPATCH",7,3,164043,36,26,"void at::native::(anonymous namespace)::distribution_elementwise_grid_stride_kernel<float, 4, at::native::templates::cuda::normal_and_transform<c10::Half, float, at::CUDAGeneratorImpl*, at::native::templates::cuda::normal_kernel<at::CUDAGeneratorImpl*>(at::TensorBase const&, double, double, at::CUDAGeneratorImpl*)::{lambda()#1}::operator()() const::{lambda()#3}::operator()() const::{lambda(float)#1}>(at::TensorIteratorBase&, at::CUDAGeneratorImpl*, at::native::templates::cuda::normal_kernel<at::CUDAGeneratorImpl*>(at::TensorBase const&, double, double, at::CUDAGeneratorImpl*)::{lambda()#1}::operator()() const::{lambda()#3}::operator()() const::{lambda(float)#1})::{lambda(hiprandStatePhilox4_32_10*)#2}, at::native::(anonymous namespace)::distribution_nullary_kernel<c10::Half, float, HIP_vector_type<float, 4u>, at::CUDAGeneratorImpl*, at::native::templates::cuda::normal_and_transform<c10::Half, float, at::CUDAGeneratorImpl*, at::native::templates::cuda::normal_kernel<at::CUDAGeneratorImpl*>(at::TensorBase const&, double, double, at::CUDAGeneratorImpl*)::{lambda()#1}::operator()() const::{lambda()#3}::operator()() const::{lambda(float)#1}>(at::TensorIteratorBase&, at::CUDAGeneratorImpl*, at::native::templates::cuda::normal_kernel<at::CUDAGeneratorImpl*>(at::TensorBase const&, double, double, at::CUDAGeneratorImpl*)::{lambda()#1}::operator()() const::{lambda()#3}::operator()() const::{lambda(float)#1})::{lambda(hiprandStatePhilox4_32_10*)#2}, at::native::templates::cuda::normal_kernel<at::CUDAGeneratorImpl*>(at::TensorBase const&, double, double, at::CUDAGeneratorImpl*)::{lambda()#1}::operator()() const::{lambda()#3}::operator()() const::{lambda(float)#1}>(at::TensorIteratorBase&, at::CUDAGeneratorImpl*, at::native::templates::cuda::normal_and_transform<c10::Half, float, at::CUDAGeneratorImpl*, at::native::templates::cuda::normal_kernel<at::CUDAGeneratorImpl*>(at::TensorBase const&, double, double, at::CUDAGeneratorImpl*)::{lambda()#1}::operator()() const::{lambda()#3}::operator()() const::{lambda(float)#1}>(at::TensorIteratorBase&, at::CUDAGeneratorImpl*, at::native::templates::cuda::normal_kernel<at::CUDAGeneratorImpl*>(at::TensorBase const&, double, double, at::CUDAGeneratorImpl*)::{lambda()#1}::operator()() const::{lambda()#3}::operator()() const::{lambda(float)#1})::{lambda(hiprandStatePhilox4_32_10*)#2} const&, at::native::templates::cuda::normal_kernel<at::CUDAGeneratorImpl*>(at::TensorBase const&, double, double, at::CUDAGeneratorImpl*)::{lambda()#1}::operator()() const::{lambda()#3}::operator()() const::{lambda(float)#1})::{lambda(int, float)#1}>(long, at::PhiloxCudaState, at::native::templates::cuda::normal_and_transform<c10::Half, float, at::CUDAGeneratorImpl*, at::native::templates::cuda::normal_kernel<at::CUDAGeneratorImpl*>(at::TensorBase const&, double, double, at::CUDAGeneratorImpl*)::{lambda()#1}::operator()() const::{lambda()#3}::operator()() const::{lambda(float)#1}>(at::TensorIteratorBase&, at::CUDAGeneratorImpl*, at::native::templates::cuda::normal_kernel<at::CUDAGeneratorImpl*>(at::TensorBase const&, double, double, at::CUDAGeneratorImpl*)::{lambda()#1}::operator()() const::{lambda()#3}::operator()() const::{lambda(float)#1})::{lambda(hiprandStatePhilox4_32_10*)#2}, at::native::(anonymous namespace)::distribution_nullary_kernel<c10::Half, float, HIP_vector_type<float, 4u>, at::CUDAGeneratorImpl*, at::native::templates::cuda::normal_and_transform<c10::Half, float, at::CUDAGeneratorImpl*, at::native::templates::cuda::normal_kernel<at::CUDAGeneratorImpl*>(at::TensorBase const&, double, double, at::CUDAGeneratorImpl*)::{lambda()#1}::operator()() const::{lambda()#3}::operator()() const::{lambda(float)#1}>(at::TensorIteratorBase&, at::CUDAGeneratorImpl*, at::native::templates::cuda::normal_kernel<at::CUDAGeneratorImpl*>(at::TensorBase const&, double, double, at::CUDAGeneratorImpl*)::{lambda()#1}::operator()() const::{lambda()#3}::operator()() const::{lambda(float)#1})::{lambda(hiprandStatePhilox4_32_10*)#2}, at::native::templates::cuda::normal_kernel<at::CUDAGeneratorImpl*>(at::TensorBase const&, double, double, at::CUDAGeneratorImpl*)::{lambda()#1}::operator()() const::{lambda()#3}::operator()() const::{lambda(float)#1}>(at::TensorIteratorBase&, at::CUDAGeneratorImpl*, at::native::templates::cuda::normal_and_transform<c10::Half, float, at::CUDAGeneratorImpl*, at::native::templates::cuda::normal_kernel<at::CUDAGeneratorImpl*>(at::TensorBase const&, double, double, at::CUDAGeneratorImpl*)::{lambda()#1}::operator()() const::{lambda()#3}::operator()() const::{lambda(float)#1}>(at::TensorIteratorBase&, at::CUDAGeneratorImpl*, at::native::templates::cuda::normal_kernel<at::CUDAGeneratorImpl*>(at::TensorBase const&, double, double, at::CUDAGeneratorImpl*)::{lambda()#1}::operator()() const::{lambda()#3}::operator()() const::{lambda(float)#1})::{lambda(hiprandStatePhilox4_32_10*)#2} const&, at::native::templates::cuda::normal_kernel<at::CUDAGeneratorImpl*>(at::TensorBase const&, double, double, at::CUDAGeneratorImpl*)::{lambda()#1}::operator()() const::{lambda()#3}::operator()() const::{lambda(float)#1})::{lambda(int, float)#1})",36,474292223693556,474292223698207,0,0,256,1,1,262144,1,1
"KERNEL_DISPATCH",7,3,164043,37,34,"void (anonymous namespace)::elementwise_kernel_with_index<int, at::native::arange_cuda_out(c10::Scalar const&, c10::Scalar const&, c10::Scalar const&, at::Tensor&)::{lambda()#1}::operator()() const::{lambda()#3}::operator()() const::{lambda(long)#1}>(int, at::native::arange_cuda_out(c10::Scalar const&, c10::Scalar const&, c10::Scalar const&, at::Tensor&)::{lambda()#1}::operator()() const::{lambda()#3}::operator()() const::{lambda(long)#1}, function_traits<at::native::arange_cuda_out(c10::Scalar const&, c10::Scalar const&, c10::Scalar const&, at::Tensor&)::{lambda()#1}::operator()() const::{lambda()#3}::operator()() const::{lambda(long)#1}>::result_type*)",37,474292228254673,474292228258482,0,0,128,1,1,128,1,1
"KERNEL_DISPATCH",7,3,164043,38,34,"void (anonymous namespace)::elementwise_kernel_with_index<int, at::native::arange_cuda_out(c10::Scalar const&, c10::Scalar const&, c10::Scalar const&, at::Tensor&)::{lambda()#1}::operator()() const::{lambda()#3}::operator()() const::{lambda(long)#1}>(int, at::native::arange_cuda_out(c10::Scalar const&, c10::Scalar const&, c10::Scalar const&, at::Tensor&)::{lambda()#1}::operator()() const::{lambda()#3}::operator()() const::{lambda(long)#1}, function_traits<at::native::arange_cuda_out(c10::Scalar const&, c10::Scalar const&, c10::Scalar const&, at::Tensor&)::{lambda()#1}::operator()() const::{lambda()#3}::operator()() const::{lambda(long)#1}>::result_type*)",38,474292228310040,474292228313127,0,0,128,1,1,128,1,1
"KERNEL_DISPATCH",7,3,164043,39,231,"void at::native::vectorized_elementwise_kernel<4, at::native::FillFunctor<int>, std::array<char*, 1ul> >(int, at::native::FillFunctor<int>, std::array<char*, 1ul>)",39,474292236116603,474292236120612,0,0,256,1,1,256,1,1
"KERNEL_DISPATCH",7,3,164043,40,231,"void at::native::vectorized_elementwise_kernel<4, at::native::FillFunctor<int>, std::array<char*, 1ul> >(int, at::native::FillFunctor<int>, std::array<char*, 1ul>)",40,474292236171489,474292236173573,0,0,256,1,1,256,1,1
"KERNEL_DISPATCH",7,3,164043,41,34,"void (anonymous namespace)::elementwise_kernel_with_index<int, at::native::arange_cuda_out(c10::Scalar const&, c10::Scalar const&, c10::Scalar const&, at::Tensor&)::{lambda()#1}::operator()() const::{lambda()#3}::operator()() const::{lambda(long)#1}>(int, at::native::arange_cuda_out(c10::Scalar const&, c10::Scalar const&, c10::Scalar const&, at::Tensor&)::{lambda()#1}::operator()() const::{lambda()#3}::operator()() const::{lambda(long)#1}, function_traits<at::native::arange_cuda_out(c10::Scalar const&, c10::Scalar const&, c10::Scalar const&, at::Tensor&)::{lambda()#1}::operator()() const::{lambda()#3}::operator()() const::{lambda(long)#1}>::result_type*)",41,474292236197588,474292236199793,0,0,128,1,1,128,1,1
"KERNEL_DISPATCH",7,3,164043,42,34,"void (anonymous namespace)::elementwise_kernel_with_index<int, at::native::arange_cuda_out(c10::Scalar const&, c10::Scalar const&, c10::Scalar const&, at::Tensor&)::{lambda()#1}::operator()() const::{lambda()#3}::operator()() const::{lambda(long)#1}>(int, at::native::arange_cuda_out(c10::Scalar const&, c10::Scalar const&, c10::Scalar const&, at::Tensor&)::{lambda()#1}::operator()() const::{lambda()#3}::operator()() const::{lambda(long)#1}, function_traits<at::native::arange_cuda_out(c10::Scalar const&, c10::Scalar const&, c10::Scalar const&, at::Tensor&)::{lambda()#1}::operator()() const::{lambda()#3}::operator()() const::{lambda(long)#1}>::result_type*)",42,474292236265664,474292236267468,0,0,128,1,1,128,1,1
"KERNEL_DISPATCH",7,2,164043,43,273,"kernel_unified_attention_2d",43,474293122735128,474293122824372,0,20480,256,1,1,24576,8,1
"KERNEL_DISPATCH",7,2,164043,44,273,"kernel_unified_attention_2d",44,474293123090380,474293123176617,0,20480,256,1,1,24576,8,1
"KERNEL_DISPATCH",7,2,164043,45,273,"kernel_unified_attention_2d",45,474293123303467,474293123390065,0,20480,256,1,1,24576,8,1
"KERNEL_DISPATCH",7,2,164043,46,273,"kernel_unified_attention_2d",46,474293123497832,474293123584230,0,20480,256,1,1,24576,8,1
"KERNEL_DISPATCH",7,2,164043,47,273,"kernel_unified_attention_2d",47,474293123690794,474293123777231,0,20480,256,1,1,24576,8,1
