"Kind","Agent_Id","Queue_Id","Thread_Id","Dispatch_Id","Kernel_Id","Kernel_Name","Correlation_Id","Start_Timestamp","End_Timestamp","Private_Segment_Size","Group_Segment_Size","Workgroup_Size_X","Workgroup_Size_Y","Workgroup_Size_Z","Grid_Size_X","Grid_Size_Y","Grid_Size_Z"
"KERNEL_DISPATCH",5,3,1114434,1,24,"void at::native::(anonymous namespace)::distribution_elementwise_grid_stride_kernel<float, 4, at::native::templates::cuda::normal_and_transform<c10::Half, float, at::CUDAGeneratorImpl*, at::native::templates::cuda::normal_kernel<at::CUDAGeneratorImpl*>(at::TensorBase const&, double, double, at::CUDAGeneratorImpl*)::{lambda()#1}::operator()() const::{lambda()#3}::operator()() const::{lambda(float)#1}>(at::TensorIteratorBase&, at::CUDAGeneratorImpl*, at::native::templates::cuda::normal_kernel<at::CUDAGeneratorImpl*>(at::TensorBase const&, double, double, at::CUDAGeneratorImpl*)::{lambda()#1}::operator()() const::{lambda()#3}::operator()() const::{lambda(float)#1})::{lambda(hiprandStatePhilox4_32_10*)#2}, at::native::(anonymous namespace)::distribution_nullary_kernel<c10::Half, float, HIP_vector_type<float, 4u>, at::CUDAGeneratorImpl*, at::native::templates::cuda::normal_and_transform<c10::Half, float, at::CUDAGeneratorImpl*, at::native::templates::cuda::normal_kernel<at::CUDAGeneratorImpl*>(at::TensorBase const&, double, double, at::CUDAGeneratorImpl*)::{lambda()#1}::operator()() const::{lambda()#3}::operator()() const::{lambda(float)#1}>(at::TensorIteratorBase&, at::CUDAGeneratorImpl*, at::native::templates::cuda::normal_kernel<at::CUDAGeneratorImpl*>(at::TensorBase const&, double, double, at::CUDAGeneratorImpl*)::{lambda()#1}::operator()() const::{lambda()#3}::operator()() const::{lambda(float)#1})::{lambda(hiprandStatePhilox4_32_10*)#2}, at::native::templates::cuda::normal_kernel<at::CUDAGeneratorImpl*>(at::TensorBase const&, double, double, at::CUDAGeneratorImpl*)::{lambda()#1}::operator()() const::{lambda()#3}::operator()() const::{lambda(float)#1}>(at::TensorIteratorBase&, at::CUDAGeneratorImpl*, at::native::templates::cuda::normal_and_transform<c10::Half, float, at::CUDAGeneratorImpl*, at::native::templates::cuda::normal_kernel<at::CUDAGeneratorImpl*>(at::TensorBase const&, double, double, at::CUDAGeneratorImpl*)::{lambda()#1}::operator()() const::{lambda()#3}::operator()() const::{lambda(float)#1}>(at::TensorIteratorBase&, at::CUDAGeneratorImpl*, at::native::templates::cuda::normal_kernel<at::CUDAGeneratorImpl*>(at::TensorBase const&, double, double, at::CUDAGeneratorImpl*)::{lambda()#1}::operator()() const::{lambda()#3}::operator()() const::{lambda(float)#1})::{lambda(hiprandStatePhilox4_32_10*)#2} const&, at::native::templates::cuda::normal_kernel<at::CUDAGeneratorImpl*>(at::TensorBase const&, double, double, at::CUDAGeneratorImpl*)::{lambda()#1}::operator()() const::{lambda()#3}::operator()() const::{lambda(float)#1})::{lambda(int, float)#1}>(long, at::PhiloxCudaState, at::native::templates::cuda::normal_and_transform<c10::Half, float, at::CUDAGeneratorImpl*, at::native::templates::cuda::normal_kernel<at::CUDAGeneratorImpl*>(at::TensorBase const&, double, double, at::CUDAGeneratorImpl*)::{lambda()#1}::operator()() const::{lambda()#3}::operator()() const::{lambda(float)#1}>(at::TensorIteratorBase&, at::CUDAGeneratorImpl*, at::native::templates::cuda::normal_kernel<at::CUDAGeneratorImpl*>(at::TensorBase const&, double, double, at::CUDAGeneratorImpl*)::{lambda()#1}::operator()() const::{lambda()#3}::operator()() const::{lambda(float)#1})::{lambda(hiprandStatePhilox4_32_10*)#2}, at::native::(anonymous namespace)::distribution_nullary_kernel<c10::Half, float, HIP_vector_type<float, 4u>, at::CUDAGeneratorImpl*, at::native::templates::cuda::normal_and_transform<c10::Half, float, at::CUDAGeneratorImpl*, at::native::templates::cuda::normal_kernel<at::CUDAGeneratorImpl*>(at::TensorBase const&, double, double, at::CUDAGeneratorImpl*)::{lambda()#1}::operator()() const::{lambda()#3}::operator()() const::{lambda(float)#1}>(at::TensorIteratorBase&, at::CUDAGeneratorImpl*, at::native::templates::cuda::normal_kernel<at::CUDAGeneratorImpl*>(at::TensorBase const&, double, double, at::CUDAGeneratorImpl*)::{lambda()#1}::operator()() const::{lambda()#3}::operator()() const::{lambda(float)#1})::{lambda(hiprandStatePhilox4_32_10*)#2}, at::native::templates::cuda::normal_kernel<at::CUDAGeneratorImpl*>(at::TensorBase const&, double, double, at::CUDAGeneratorImpl*)::{lambda()#1}::operator()() const::{lambda()#3}::operator()() const::{lambda(float)#1}>(at::TensorIteratorBase&, at::CUDAGeneratorImpl*, at::native::templates::cuda::normal_and_transform<c10::Half, float, at::CUDAGeneratorImpl*, at::native::templates::cuda::normal_kernel<at::CUDAGeneratorImpl*>(at::TensorBase const&, double, double, at::CUDAGeneratorImpl*)::{lambda()#1}::operator()() const::{lambda()#3}::operator()() const::{lambda(float)#1}>(at::TensorIteratorBase&, at::CUDAGeneratorImpl*, at::native::templates::cuda::normal_kernel<at::CUDAGeneratorImpl*>(at::TensorBase const&, double, double, at::CUDAGeneratorImpl*)::{lambda()#1}::operator()() const::{lambda()#3}::operator()() const::{lambda(float)#1})::{lambda(hiprandStatePhilox4_32_10*)#2} const&, at::native::templates::cuda::normal_kernel<at::CUDAGeneratorImpl*>(at::TensorBase const&, double, double, at::CUDAGeneratorImpl*)::{lambda()#1}::operator()() const::{lambda()#3}::operator()() const::{lambda(float)#1})::{lambda(int, float)#1})",1,2173451750992377,2173451751035275,0,0,256,1,1,622592,1,1
"KERNEL_DISPATCH",5,3,1114434,2,24,"void at::native::(anonymous namespace)::distribution_elementwise_grid_stride_kernel<float, 4, at::native::templates::cuda::normal_and_transform<c10::Half, float, at::CUDAGeneratorImpl*, at::native::templates::cuda::normal_kernel<at::CUDAGeneratorImpl*>(at::TensorBase const&, double, double, at::CUDAGeneratorImpl*)::{lambda()#1}::operator()() const::{lambda()#3}::operator()() const::{lambda(float)#1}>(at::TensorIteratorBase&, at::CUDAGeneratorImpl*, at::native::templates::cuda::normal_kernel<at::CUDAGeneratorImpl*>(at::TensorBase const&, double, double, at::CUDAGeneratorImpl*)::{lambda()#1}::operator()() const::{lambda()#3}::operator()() const::{lambda(float)#1})::{lambda(hiprandStatePhilox4_32_10*)#2}, at::native::(anonymous namespace)::distribution_nullary_kernel<c10::Half, float, HIP_vector_type<float, 4u>, at::CUDAGeneratorImpl*, at::native::templates::cuda::normal_and_transform<c10::Half, float, at::CUDAGeneratorImpl*, at::native::templates::cuda::normal_kernel<at::CUDAGeneratorImpl*>(at::TensorBase const&, double, double, at::CUDAGeneratorImpl*)::{lambda()#1}::operator()() const::{lambda()#3}::operator()() const::{lambda(float)#1}>(at::TensorIteratorBase&, at::CUDAGeneratorImpl*, at::native::templates::cuda::normal_kernel<at::CUDAGeneratorImpl*>(at::TensorBase const&, double, double, at::CUDAGeneratorImpl*)::{lambda()#1}::operator()() const::{lambda()#3}::operator()() const::{lambda(float)#1})::{lambda(hiprandStatePhilox4_32_10*)#2}, at::native::templates::cuda::normal_kernel<at::CUDAGeneratorImpl*>(at::TensorBase const&, double, double, at::CUDAGeneratorImpl*)::{lambda()#1}::operator()() const::{lambda()#3}::operator()() const::{lambda(float)#1}>(at::TensorIteratorBase&, at::CUDAGeneratorImpl*, at::native::templates::cuda::normal_and_transform<c10::Half, float, at::CUDAGeneratorImpl*, at::native::templates::cuda::normal_kernel<at::CUDAGeneratorImpl*>(at::TensorBase const&, double, double, at::CUDAGeneratorImpl*)::{lambda()#1}::operator()() const::{lambda()#3}::operator()() const::{lambda(float)#1}>(at::TensorIteratorBase&, at::CUDAGeneratorImpl*, at::native::templates::cuda::normal_kernel<at::CUDAGeneratorImpl*>(at::TensorBase const&, double, double, at::CUDAGeneratorImpl*)::{lambda()#1}::operator()() const::{lambda()#3}::operator()() const::{lambda(float)#1})::{lambda(hiprandStatePhilox4_32_10*)#2} const&, at::native::templates::cuda::normal_kernel<at::CUDAGeneratorImpl*>(at::TensorBase const&, double, double, at::CUDAGeneratorImpl*)::{lambda()#1}::operator()() const::{lambda()#3}::operator()() const::{lambda(float)#1})::{lambda(int, float)#1}>(long, at::PhiloxCudaState, at::native::templates::cuda::normal_and_transform<c10::Half, float, at::CUDAGeneratorImpl*, at::native::templates::cuda::normal_kernel<at::CUDAGeneratorImpl*>(at::TensorBase const&, double, double, at::CUDAGeneratorImpl*)::{lambda()#1}::operator()() const::{lambda()#3}::operator()() const::{lambda(float)#1}>(at::TensorIteratorBase&, at::CUDAGeneratorImpl*, at::native::templates::cuda::normal_kernel<at::CUDAGeneratorImpl*>(at::TensorBase const&, double, double, at::CUDAGeneratorImpl*)::{lambda()#1}::operator()() const::{lambda()#3}::operator()() const::{lambda(float)#1})::{lambda(hiprandStatePhilox4_32_10*)#2}, at::native::(anonymous namespace)::distribution_nullary_kernel<c10::Half, float, HIP_vector_type<float, 4u>, at::CUDAGeneratorImpl*, at::native::templates::cuda::normal_and_transform<c10::Half, float, at::CUDAGeneratorImpl*, at::native::templates::cuda::normal_kernel<at::CUDAGeneratorImpl*>(at::TensorBase const&, double, double, at::CUDAGeneratorImpl*)::{lambda()#1}::operator()() const::{lambda()#3}::operator()() const::{lambda(float)#1}>(at::TensorIteratorBase&, at::CUDAGeneratorImpl*, at::native::templates::cuda::normal_kernel<at::CUDAGeneratorImpl*>(at::TensorBase const&, double, double, at::CUDAGeneratorImpl*)::{lambda()#1}::operator()() const::{lambda()#3}::operator()() const::{lambda(float)#1})::{lambda(hiprandStatePhilox4_32_10*)#2}, at::native::templates::cuda::normal_kernel<at::CUDAGeneratorImpl*>(at::TensorBase const&, double, double, at::CUDAGeneratorImpl*)::{lambda()#1}::operator()() const::{lambda()#3}::operator()() const::{lambda(float)#1}>(at::TensorIteratorBase&, at::CUDAGeneratorImpl*, at::native::templates::cuda::normal_and_transform<c10::Half, float, at::CUDAGeneratorImpl*, at::native::templates::cuda::normal_kernel<at::CUDAGeneratorImpl*>(at::TensorBase const&, double, double, at::CUDAGeneratorImpl*)::{lambda()#1}::operator()() const::{lambda()#3}::operator()() const::{lambda(float)#1}>(at::TensorIteratorBase&, at::CUDAGeneratorImpl*, at::native::templates::cuda::normal_kernel<at::CUDAGeneratorImpl*>(at::TensorBase const&, double, double, at::CUDAGeneratorImpl*)::{lambda()#1}::operator()() const::{lambda()#3}::operator()() const::{lambda(float)#1})::{lambda(hiprandStatePhilox4_32_10*)#2} const&, at::native::templates::cuda::normal_kernel<at::CUDAGeneratorImpl*>(at::TensorBase const&, double, double, at::CUDAGeneratorImpl*)::{lambda()#1}::operator()() const::{lambda()#3}::operator()() const::{lambda(float)#1})::{lambda(int, float)#1})",2,2173451751140234,2173451751149616,0,0,256,1,1,131072,1,1
"KERNEL_DISPATCH",5,3,1114434,3,24,"void at::native::(anonymous namespace)::distribution_elementwise_grid_stride_kernel<float, 4, at::native::templates::cuda::normal_and_transform<c10::Half, float, at::CUDAGeneratorImpl*, at::native::templates::cuda::normal_kernel<at::CUDAGeneratorImpl*>(at::TensorBase const&, double, double, at::CUDAGeneratorImpl*)::{lambda()#1}::operator()() const::{lambda()#3}::operator()() const::{lambda(float)#1}>(at::TensorIteratorBase&, at::CUDAGeneratorImpl*, at::native::templates::cuda::normal_kernel<at::CUDAGeneratorImpl*>(at::TensorBase const&, double, double, at::CUDAGeneratorImpl*)::{lambda()#1}::operator()() const::{lambda()#3}::operator()() const::{lambda(float)#1})::{lambda(hiprandStatePhilox4_32_10*)#2}, at::native::(anonymous namespace)::distribution_nullary_kernel<c10::Half, float, HIP_vector_type<float, 4u>, at::CUDAGeneratorImpl*, at::native::templates::cuda::normal_and_transform<c10::Half, float, at::CUDAGeneratorImpl*, at::native::templates::cuda::normal_kernel<at::CUDAGeneratorImpl*>(at::TensorBase const&, double, double, at::CUDAGeneratorImpl*)::{lambda()#1}::operator()() const::{lambda()#3}::operator()() const::{lambda(float)#1}>(at::TensorIteratorBase&, at::CUDAGeneratorImpl*, at::native::templates::cuda::normal_kernel<at::CUDAGeneratorImpl*>(at::TensorBase const&, double, double, at::CUDAGeneratorImpl*)::{lambda()#1}::operator()() const::{lambda()#3}::operator()() const::{lambda(float)#1})::{lambda(hiprandStatePhilox4_32_10*)#2}, at::native::templates::cuda::normal_kernel<at::CUDAGeneratorImpl*>(at::TensorBase const&, double, double, at::CUDAGeneratorImpl*)::{lambda()#1}::operator()() const::{lambda()#3}::operator()() const::{lambda(float)#1}>(at::TensorIteratorBase&, at::CUDAGeneratorImpl*, at::native::templates::cuda::normal_and_transform<c10::Half, float, at::CUDAGeneratorImpl*, at::native::templates::cuda::normal_kernel<at::CUDAGeneratorImpl*>(at::TensorBase const&, double, double, at::CUDAGeneratorImpl*)::{lambda()#1}::operator()() const::{lambda()#3}::operator()() const::{lambda(float)#1}>(at::TensorIteratorBase&, at::CUDAGeneratorImpl*, at::native::templates::cuda::normal_kernel<at::CUDAGeneratorImpl*>(at::TensorBase const&, double, double, at::CUDAGeneratorImpl*)::{lambda()#1}::operator()() const::{lambda()#3}::operator()() const::{lambda(float)#1})::{lambda(hiprandStatePhilox4_32_10*)#2} const&, at::native::templates::cuda::normal_kernel<at::CUDAGeneratorImpl*>(at::TensorBase const&, double, double, at::CUDAGeneratorImpl*)::{lambda()#1}::operator()() const::{lambda()#3}::operator()() const::{lambda(float)#1})::{lambda(int, float)#1}>(long, at::PhiloxCudaState, at::native::templates::cuda::normal_and_transform<c10::Half, float, at::CUDAGeneratorImpl*, at::native::templates::cuda::normal_kernel<at::CUDAGeneratorImpl*>(at::TensorBase const&, double, double, at::CUDAGeneratorImpl*)::{lambda()#1}::operator()() const::{lambda()#3}::operator()() const::{lambda(float)#1}>(at::TensorIteratorBase&, at::CUDAGeneratorImpl*, at::native::templates::cuda::normal_kernel<at::CUDAGeneratorImpl*>(at::TensorBase const&, double, double, at::CUDAGeneratorImpl*)::{lambda()#1}::operator()() const::{lambda()#3}::operator()() const::{lambda(float)#1})::{lambda(hiprandStatePhilox4_32_10*)#2}, at::native::(anonymous namespace)::distribution_nullary_kernel<c10::Half, float, HIP_vector_type<float, 4u>, at::CUDAGeneratorImpl*, at::native::templates::cuda::normal_and_transform<c10::Half, float, at::CUDAGeneratorImpl*, at::native::templates::cuda::normal_kernel<at::CUDAGeneratorImpl*>(at::TensorBase const&, double, double, at::CUDAGeneratorImpl*)::{lambda()#1}::operator()() const::{lambda()#3}::operator()() const::{lambda(float)#1}>(at::TensorIteratorBase&, at::CUDAGeneratorImpl*, at::native::templates::cuda::normal_kernel<at::CUDAGeneratorImpl*>(at::TensorBase const&, double, double, at::CUDAGeneratorImpl*)::{lambda()#1}::operator()() const::{lambda()#3}::operator()() const::{lambda(float)#1})::{lambda(hiprandStatePhilox4_32_10*)#2}, at::native::templates::cuda::normal_kernel<at::CUDAGeneratorImpl*>(at::TensorBase const&, double, double, at::CUDAGeneratorImpl*)::{lambda()#1}::operator()() const::{lambda()#3}::operator()() const::{lambda(float)#1}>(at::TensorIteratorBase&, at::CUDAGeneratorImpl*, at::native::templates::cuda::normal_and_transform<c10::Half, float, at::CUDAGeneratorImpl*, at::native::templates::cuda::normal_kernel<at::CUDAGeneratorImpl*>(at::TensorBase const&, double, double, at::CUDAGeneratorImpl*)::{lambda()#1}::operator()() const::{lambda()#3}::operator()() const::{lambda(float)#1}>(at::TensorIteratorBase&, at::CUDAGeneratorImpl*, at::native::templates::cuda::normal_kernel<at::CUDAGeneratorImpl*>(at::TensorBase const&, double, double, at::CUDAGeneratorImpl*)::{lambda()#1}::operator()() const::{lambda()#3}::operator()() const::{lambda(float)#1})::{lambda(hiprandStatePhilox4_32_10*)#2} const&, at::native::templates::cuda::normal_kernel<at::CUDAGeneratorImpl*>(at::TensorBase const&, double, double, at::CUDAGeneratorImpl*)::{lambda()#1}::operator()() const::{lambda()#3}::operator()() const::{lambda(float)#1})::{lambda(int, float)#1})",3,2173451751229920,2173451751233568,0,0,256,1,1,131072,1,1
"KERNEL_DISPATCH",5,3,1114434,4,24,"void at::native::(anonymous namespace)::distribution_elementwise_grid_stride_kernel<float, 4, at::native::templates::cuda::normal_and_transform<c10::Half, float, at::CUDAGeneratorImpl*, at::native::templates::cuda::normal_kernel<at::CUDAGeneratorImpl*>(at::TensorBase const&, double, double, at::CUDAGeneratorImpl*)::{lambda()#1}::operator()() const::{lambda()#3}::operator()() const::{lambda(float)#1}>(at::TensorIteratorBase&, at::CUDAGeneratorImpl*, at::native::templates::cuda::normal_kernel<at::CUDAGeneratorImpl*>(at::TensorBase const&, double, double, at::CUDAGeneratorImpl*)::{lambda()#1}::operator()() const::{lambda()#3}::operator()() const::{lambda(float)#1})::{lambda(hiprandStatePhilox4_32_10*)#2}, at::native::(anonymous namespace)::distribution_nullary_kernel<c10::Half, float, HIP_vector_type<float, 4u>, at::CUDAGeneratorImpl*, at::native::templates::cuda::normal_and_transform<c10::Half, float, at::CUDAGeneratorImpl*, at::native::templates::cuda::normal_kernel<at::CUDAGeneratorImpl*>(at::TensorBase const&, double, double, at::CUDAGeneratorImpl*)::{lambda()#1}::operator()() const::{lambda()#3}::operator()() const::{lambda(float)#1}>(at::TensorIteratorBase&, at::CUDAGeneratorImpl*, at::native::templates::cuda::normal_kernel<at::CUDAGeneratorImpl*>(at::TensorBase const&, double, double, at::CUDAGeneratorImpl*)::{lambda()#1}::operator()() const::{lambda()#3}::operator()() const::{lambda(float)#1})::{lambda(hiprandStatePhilox4_32_10*)#2}, at::native::templates::cuda::normal_kernel<at::CUDAGeneratorImpl*>(at::TensorBase const&, double, double, at::CUDAGeneratorImpl*)::{lambda()#1}::operator()() const::{lambda()#3}::operator()() const::{lambda(float)#1}>(at::TensorIteratorBase&, at::CUDAGeneratorImpl*, at::native::templates::cuda::normal_and_transform<c10::Half, float, at::CUDAGeneratorImpl*, at::native::templates::cuda::normal_kernel<at::CUDAGeneratorImpl*>(at::TensorBase const&, double, double, at::CUDAGeneratorImpl*)::{lambda()#1}::operator()() const::{lambda()#3}::operator()() const::{lambda(float)#1}>(at::TensorIteratorBase&, at::CUDAGeneratorImpl*, at::native::templates::cuda::normal_kernel<at::CUDAGeneratorImpl*>(at::TensorBase const&, double, double, at::CUDAGeneratorImpl*)::{lambda()#1}::operator()() const::{lambda()#3}::operator()() const::{lambda(float)#1})::{lambda(hiprandStatePhilox4_32_10*)#2} const&, at::native::templates::cuda::normal_kernel<at::CUDAGeneratorImpl*>(at::TensorBase const&, double, double, at::CUDAGeneratorImpl*)::{lambda()#1}::operator()() const::{lambda()#3}::operator()() const::{lambda(float)#1})::{lambda(int, float)#1}>(long, at::PhiloxCudaState, at::native::templates::cuda::normal_and_transform<c10::Half, float, at::CUDAGeneratorImpl*, at::native::templates::cuda::normal_kernel<at::CUDAGeneratorImpl*>(at::TensorBase const&, double, double, at::CUDAGeneratorImpl*)::{lambda()#1}::operator()() const::{lambda()#3}::operator()() const::{lambda(float)#1}>(at::TensorIteratorBase&, at::CUDAGeneratorImpl*, at::native::templates::cuda::normal_kernel<at::CUDAGeneratorImpl*>(at::TensorBase const&, double, double, at::CUDAGeneratorImpl*)::{lambda()#1}::operator()() const::{lambda()#3}::operator()() const::{lambda(float)#1})::{lambda(hiprandStatePhilox4_32_10*)#2}, at::native::(anonymous namespace)::distribution_nullary_kernel<c10::Half, float, HIP_vector_type<float, 4u>, at::CUDAGeneratorImpl*, at::native::templates::cuda::normal_and_transform<c10::Half, float, at::CUDAGeneratorImpl*, at::native::templates::cuda::normal_kernel<at::CUDAGeneratorImpl*>(at::TensorBase const&, double, double, at::CUDAGeneratorImpl*)::{lambda()#1}::operator()() const::{lambda()#3}::operator()() const::{lambda(float)#1}>(at::TensorIteratorBase&, at::CUDAGeneratorImpl*, at::native::templates::cuda::normal_kernel<at::CUDAGeneratorImpl*>(at::TensorBase const&, double, double, at::CUDAGeneratorImpl*)::{lambda()#1}::operator()() const::{lambda()#3}::operator()() const::{lambda(float)#1})::{lambda(hiprandStatePhilox4_32_10*)#2}, at::native::templates::cuda::normal_kernel<at::CUDAGeneratorImpl*>(at::TensorBase const&, double, double, at::CUDAGeneratorImpl*)::{lambda()#1}::operator()() const::{lambda()#3}::operator()() const::{lambda(float)#1}>(at::TensorIteratorBase&, at::CUDAGeneratorImpl*, at::native::templates::cuda::normal_and_transform<c10::Half, float, at::CUDAGeneratorImpl*, at::native::templates::cuda::normal_kernel<at::CUDAGeneratorImpl*>(at::TensorBase const&, double, double, at::CUDAGeneratorImpl*)::{lambda()#1}::operator()() const::{lambda()#3}::operator()() const::{lambda(float)#1}>(at::TensorIteratorBase&, at::CUDAGeneratorImpl*, at::native::templates::cuda::normal_kernel<at::CUDAGeneratorImpl*>(at::TensorBase const&, double, double, at::CUDAGeneratorImpl*)::{lambda()#1}::operator()() const::{lambda()#3}::operator()() const::{lambda(float)#1})::{lambda(hiprandStatePhilox4_32_10*)#2} const&, at::native::templates::cuda::normal_kernel<at::CUDAGeneratorImpl*>(at::TensorBase const&, double, double, at::CUDAGeneratorImpl*)::{lambda()#1}::operator()() const::{lambda()#3}::operator()() const::{lambda(float)#1})::{lambda(int, float)#1})",4,2173451751250607,2173451751254095,0,0,256,1,1,131072,1,1
"KERNEL_DISPATCH",5,3,1114434,5,24,"void at::native::(anonymous namespace)::distribution_elementwise_grid_stride_kernel<float, 4, at::native::templates::cuda::normal_and_transform<c10::Half, float, at::CUDAGeneratorImpl*, at::native::templates::cuda::normal_kernel<at::CUDAGeneratorImpl*>(at::TensorBase const&, double, double, at::CUDAGeneratorImpl*)::{lambda()#1}::operator()() const::{lambda()#3}::operator()() const::{lambda(float)#1}>(at::TensorIteratorBase&, at::CUDAGeneratorImpl*, at::native::templates::cuda::normal_kernel<at::CUDAGeneratorImpl*>(at::TensorBase const&, double, double, at::CUDAGeneratorImpl*)::{lambda()#1}::operator()() const::{lambda()#3}::operator()() const::{lambda(float)#1})::{lambda(hiprandStatePhilox4_32_10*)#2}, at::native::(anonymous namespace)::distribution_nullary_kernel<c10::Half, float, HIP_vector_type<float, 4u>, at::CUDAGeneratorImpl*, at::native::templates::cuda::normal_and_transform<c10::Half, float, at::CUDAGeneratorImpl*, at::native::templates::cuda::normal_kernel<at::CUDAGeneratorImpl*>(at::TensorBase const&, double, double, at::CUDAGeneratorImpl*)::{lambda()#1}::operator()() const::{lambda()#3}::operator()() const::{lambda(float)#1}>(at::TensorIteratorBase&, at::CUDAGeneratorImpl*, at::native::templates::cuda::normal_kernel<at::CUDAGeneratorImpl*>(at::TensorBase const&, double, double, at::CUDAGeneratorImpl*)::{lambda()#1}::operator()() const::{lambda()#3}::operator()() const::{lambda(float)#1})::{lambda(hiprandStatePhilox4_32_10*)#2}, at::native::templates::cuda::normal_kernel<at::CUDAGeneratorImpl*>(at::TensorBase const&, double, double, at::CUDAGeneratorImpl*)::{lambda()#1}::operator()() const::{lambda()#3}::operator()() const::{lambda(float)#1}>(at::TensorIteratorBase&, at::CUDAGeneratorImpl*, at::native::templates::cuda::normal_and_transform<c10::Half, float, at::CUDAGeneratorImpl*, at::native::templates::cuda::normal_kernel<at::CUDAGeneratorImpl*>(at::TensorBase const&, double, double, at::CUDAGeneratorImpl*)::{lambda()#1}::operator()() const::{lambda()#3}::operator()() const::{lambda(float)#1}>(at::TensorIteratorBase&, at::CUDAGeneratorImpl*, at::native::templates::cuda::normal_kernel<at::CUDAGeneratorImpl*>(at::TensorBase const&, double, double, at::CUDAGeneratorImpl*)::{lambda()#1}::operator()() const::{lambda()#3}::operator()() const::{lambda(float)#1})::{lambda(hiprandStatePhilox4_32_10*)#2} const&, at::native::templates::cuda::normal_kernel<at::CUDAGeneratorImpl*>(at::TensorBase const&, double, double, at::CUDAGeneratorImpl*)::{lambda()#1}::operator()() const::{lambda()#3}::operator()() const::{lambda(float)#1})::{lambda(int, float)#1}>(long, at::PhiloxCudaState, at::native::templates::cuda::normal_and_transform<c10::Half, float, at::CUDAGeneratorImpl*, at::native::templates::cuda::normal_kernel<at::CUDAGeneratorImpl*>(at::TensorBase const&, double, double, at::CUDAGeneratorImpl*)::{lambda()#1}::operator()() const::{lambda()#3}::operator()() const::{lambda(float)#1}>(at::TensorIteratorBase&, at::CUDAGeneratorImpl*, at::native::templates::cuda::normal_kernel<at::CUDAGeneratorImpl*>(at::TensorBase const&, double, double, at::CUDAGeneratorImpl*)::{lambda()#1}::operator()() const::{lambda()#3}::operator()() const::{lambda(float)#1})::{lambda(hiprandStatePhilox4_32_10*)#2}, at::native::(anonymous namespace)::distribution_nullary_kernel<c10::Half, float, HIP_vector_type<float, 4u>, at::CUDAGeneratorImpl*, at::native::templates::cuda::normal_and_transform<c10::Half, float, at::CUDAGeneratorImpl*, at::native::templates::cuda::normal_kernel<at::CUDAGeneratorImpl*>(at::TensorBase const&, double, double, at::CUDAGeneratorImpl*)::{lambda()#1}::operator()() const::{lambda()#3}::operator()() const::{lambda(float)#1}>(at::TensorIteratorBase&, at::CUDAGeneratorImpl*, at::native::templates::cuda::normal_kernel<at::CUDAGeneratorImpl*>(at::TensorBase const&, double, double, at::CUDAGeneratorImpl*)::{lambda()#1}::operator()() const::{lambda()#3}::operator()() const::{lambda(float)#1})::{lambda(hiprandStatePhilox4_32_10*)#2}, at::native::templates::cuda::normal_kernel<at::CUDAGeneratorImpl*>(at::TensorBase const&, double, double, at::CUDAGeneratorImpl*)::{lambda()#1}::operator()() const::{lambda()#3}::operator()() const::{lambda(float)#1}>(at::TensorIteratorBase&, at::CUDAGeneratorImpl*, at::native::templates::cuda::normal_and_transform<c10::Half, float, at::CUDAGeneratorImpl*, at::native::templates::cuda::normal_kernel<at::CUDAGeneratorImpl*>(at::TensorBase const&, double, double, at::CUDAGeneratorImpl*)::{lambda()#1}::operator()() const::{lambda()#3}::operator()() const::{lambda(float)#1}>(at::TensorIteratorBase&, at::CUDAGeneratorImpl*, at::native::templates::cuda::normal_kernel<at::CUDAGeneratorImpl*>(at::TensorBase const&, double, double, at::CUDAGeneratorImpl*)::{lambda()#1}::operator()() const::{lambda()#3}::operator()() const::{lambda(float)#1})::{lambda(hiprandStatePhilox4_32_10*)#2} const&, at::native::templates::cuda::normal_kernel<at::CUDAGeneratorImpl*>(at::TensorBase const&, double, double, at::CUDAGeneratorImpl*)::{lambda()#1}::operator()() const::{lambda()#3}::operator()() const::{lambda(float)#1})::{lambda(int, float)#1})",5,2173451751265721,2173451751307537,0,0,256,1,1,622592,1,1
"KERNEL_DISPATCH",5,3,1114434,6,24,"void at::native::(anonymous namespace)::distribution_elementwise_grid_stride_kernel<float, 4, at::native::templates::cuda::normal_and_transform<c10::Half, float, at::CUDAGeneratorImpl*, at::native::templates::cuda::normal_kernel<at::CUDAGeneratorImpl*>(at::TensorBase const&, double, double, at::CUDAGeneratorImpl*)::{lambda()#1}::operator()() const::{lambda()#3}::operator()() const::{lambda(float)#1}>(at::TensorIteratorBase&, at::CUDAGeneratorImpl*, at::native::templates::cuda::normal_kernel<at::CUDAGeneratorImpl*>(at::TensorBase const&, double, double, at::CUDAGeneratorImpl*)::{lambda()#1}::operator()() const::{lambda()#3}::operator()() const::{lambda(float)#1})::{lambda(hiprandStatePhilox4_32_10*)#2}, at::native::(anonymous namespace)::distribution_nullary_kernel<c10::Half, float, HIP_vector_type<float, 4u>, at::CUDAGeneratorImpl*, at::native::templates::cuda::normal_and_transform<c10::Half, float, at::CUDAGeneratorImpl*, at::native::templates::cuda::normal_kernel<at::CUDAGeneratorImpl*>(at::TensorBase const&, double, double, at::CUDAGeneratorImpl*)::{lambda()#1}::operator()() const::{lambda()#3}::operator()() const::{lambda(float)#1}>(at::TensorIteratorBase&, at::CUDAGeneratorImpl*, at::native::templates::cuda::normal_kernel<at::CUDAGeneratorImpl*>(at::TensorBase const&, double, double, at::CUDAGeneratorImpl*)::{lambda()#1}::operator()() const::{lambda()#3}::operator()() const::{lambda(float)#1})::{lambda(hiprandStatePhilox4_32_10*)#2}, at::native::templates::cuda::normal_kernel<at::CUDAGeneratorImpl*>(at::TensorBase const&, double, double, at::CUDAGeneratorImpl*)::{lambda()#1}::operator()() const::{lambda()#3}::operator()() const::{lambda(float)#1}>(at::TensorIteratorBase&, at::CUDAGeneratorImpl*, at::native::templates::cuda::normal_and_transform<c10::Half, float, at::CUDAGeneratorImpl*, at::native::templates::cuda::normal_kernel<at::CUDAGeneratorImpl*>(at::TensorBase const&, double, double, at::CUDAGeneratorImpl*)::{lambda()#1}::operator()() const::{lambda()#3}::operator()() const::{lambda(float)#1}>(at::TensorIteratorBase&, at::CUDAGeneratorImpl*, at::native::templates::cuda::normal_kernel<at::CUDAGeneratorImpl*>(at::TensorBase const&, double, double, at::CUDAGeneratorImpl*)::{lambda()#1}::operator()() const::{lambda()#3}::operator()() const::{lambda(float)#1})::{lambda(hiprandStatePhilox4_32_10*)#2} const&, at::native::templates::cuda::normal_kernel<at::CUDAGeneratorImpl*>(at::TensorBase const&, double, double, at::CUDAGeneratorImpl*)::{lambda()#1}::operator()() const::{lambda()#3}::operator()() const::{lambda(float)#1})::{lambda(int, float)#1}>(long, at::PhiloxCudaState, at::native::templates::cuda::normal_and_transform<c10::Half, float, at::CUDAGeneratorImpl*, at::native::templates::cuda::normal_kernel<at::CUDAGeneratorImpl*>(at::TensorBase const&, double, double, at::CUDAGeneratorImpl*)::{lambda()#1}::operator()() const::{lambda()#3}::operator()() const::{lambda(float)#1}>(at::TensorIteratorBase&, at::CUDAGeneratorImpl*, at::native::templates::cuda::normal_kernel<at::CUDAGeneratorImpl*>(at::TensorBase const&, double, double, at::CUDAGeneratorImpl*)::{lambda()#1}::operator()() const::{lambda()#3}::operator()() const::{lambda(float)#1})::{lambda(hiprandStatePhilox4_32_10*)#2}, at::native::(anonymous namespace)::distribution_nullary_kernel<c10::Half, float, HIP_vector_type<float, 4u>, at::CUDAGeneratorImpl*, at::native::templates::cuda::normal_and_transform<c10::Half, float, at::CUDAGeneratorImpl*, at::native::templates::cuda::normal_kernel<at::CUDAGeneratorImpl*>(at::TensorBase const&, double, double, at::CUDAGeneratorImpl*)::{lambda()#1}::operator()() const::{lambda()#3}::operator()() const::{lambda(float)#1}>(at::TensorIteratorBase&, at::CUDAGeneratorImpl*, at::native::templates::cuda::normal_kernel<at::CUDAGeneratorImpl*>(at::TensorBase const&, double, double, at::CUDAGeneratorImpl*)::{lambda()#1}::operator()() const::{lambda()#3}::operator()() const::{lambda(float)#1})::{lambda(hiprandStatePhilox4_32_10*)#2}, at::native::templates::cuda::normal_kernel<at::CUDAGeneratorImpl*>(at::TensorBase const&, double, double, at::CUDAGeneratorImpl*)::{lambda()#1}::operator()() const::{lambda()#3}::operator()() const::{lambda(float)#1}>(at::TensorIteratorBase&, at::CUDAGeneratorImpl*, at::native::templates::cuda::normal_and_transform<c10::Half, float, at::CUDAGeneratorImpl*, at::native::templates::cuda::normal_kernel<at::CUDAGeneratorImpl*>(at::TensorBase const&, double, double, at::CUDAGeneratorImpl*)::{lambda()#1}::operator()() const::{lambda()#3}::operator()() const::{lambda(float)#1}>(at::TensorIteratorBase&, at::CUDAGeneratorImpl*, at::native::templates::cuda::normal_kernel<at::CUDAGeneratorImpl*>(at::TensorBase const&, double, double, at::CUDAGeneratorImpl*)::{lambda()#1}::operator()() const::{lambda()#3}::operator()() const::{lambda(float)#1})::{lambda(hiprandStatePhilox4_32_10*)#2} const&, at::native::templates::cuda::normal_kernel<at::CUDAGeneratorImpl*>(at::TensorBase const&, double, double, at::CUDAGeneratorImpl*)::{lambda()#1}::operator()() const::{lambda()#3}::operator()() const::{lambda(float)#1})::{lambda(int, float)#1})",6,2173451751307537,2173451751349914,0,0,256,1,1,622592,1,1
"KERNEL_DISPATCH",5,3,1114434,7,24,"void at::native::(anonymous namespace)::distribution_elementwise_grid_stride_kernel<float, 4, at::native::templates::cuda::normal_and_transform<c10::Half, float, at::CUDAGeneratorImpl*, at::native::templates::cuda::normal_kernel<at::CUDAGeneratorImpl*>(at::TensorBase const&, double, double, at::CUDAGeneratorImpl*)::{lambda()#1}::operator()() const::{lambda()#3}::operator()() const::{lambda(float)#1}>(at::TensorIteratorBase&, at::CUDAGeneratorImpl*, at::native::templates::cuda::normal_kernel<at::CUDAGeneratorImpl*>(at::TensorBase const&, double, double, at::CUDAGeneratorImpl*)::{lambda()#1}::operator()() const::{lambda()#3}::operator()() const::{lambda(float)#1})::{lambda(hiprandStatePhilox4_32_10*)#2}, at::native::(anonymous namespace)::distribution_nullary_kernel<c10::Half, float, HIP_vector_type<float, 4u>, at::CUDAGeneratorImpl*, at::native::templates::cuda::normal_and_transform<c10::Half, float, at::CUDAGeneratorImpl*, at::native::templates::cuda::normal_kernel<at::CUDAGeneratorImpl*>(at::TensorBase const&, double, double, at::CUDAGeneratorImpl*)::{lambda()#1}::operator()() const::{lambda()#3}::operator()() const::{lambda(float)#1}>(at::TensorIteratorBase&, at::CUDAGeneratorImpl*, at::native::templates::cuda::normal_kernel<at::CUDAGeneratorImpl*>(at::TensorBase const&, double, double, at::CUDAGeneratorImpl*)::{lambda()#1}::operator()() const::{lambda()#3}::operator()() const::{lambda(float)#1})::{lambda(hiprandStatePhilox4_32_10*)#2}, at::native::templates::cuda::normal_kernel<at::CUDAGeneratorImpl*>(at::TensorBase const&, double, double, at::CUDAGeneratorImpl*)::{lambda()#1}::operator()() const::{lambda()#3}::operator()() const::{lambda(float)#1}>(at::TensorIteratorBase&, at::CUDAGeneratorImpl*, at::native::templates::cuda::normal_and_transform<c10::Half, float, at::CUDAGeneratorImpl*, at::native::templates::cuda::normal_kernel<at::CUDAGeneratorImpl*>(at::TensorBase const&, double, double, at::CUDAGeneratorImpl*)::{lambda()#1}::operator()() const::{lambda()#3}::operator()() const::{lambda(float)#1}>(at::TensorIteratorBase&, at::CUDAGeneratorImpl*, at::native::templates::cuda::normal_kernel<at::CUDAGeneratorImpl*>(at::TensorBase const&, double, double, at::CUDAGeneratorImpl*)::{lambda()#1}::operator()() const::{lambda()#3}::operator()() const::{lambda(float)#1})::{lambda(hiprandStatePhilox4_32_10*)#2} const&, at::native::templates::cuda::normal_kernel<at::CUDAGeneratorImpl*>(at::TensorBase const&, double, double, at::CUDAGeneratorImpl*)::{lambda()#1}::operator()() const::{lambda()#3}::operator()() const::{lambda(float)#1})::{lambda(int, float)#1}>(long, at::PhiloxCudaState, at::native::templates::cuda::normal_and_transform<c10::Half, float, at::CUDAGeneratorImpl*, at::native::templates::cuda::normal_kernel<at::CUDAGeneratorImpl*>(at::TensorBase const&, double, double, at::CUDAGeneratorImpl*)::{lambda()#1}::operator()() const::{lambda()#3}::operator()() const::{lambda(float)#1}>(at::TensorIteratorBase&, at::CUDAGeneratorImpl*, at::native::templates::cuda::normal_kernel<at::CUDAGeneratorImpl*>(at::TensorBase const&, double, double, at::CUDAGeneratorImpl*)::{lambda()#1}::operator()() const::{lambda()#3}::operator()() const::{lambda(float)#1})::{lambda(hiprandStatePhilox4_32_10*)#2}, at::native::(anonymous namespace)::distribution_nullary_kernel<c10::Half, float, HIP_vector_type<float, 4u>, at::CUDAGeneratorImpl*, at::native::templates::cuda::normal_and_transform<c10::Half, float, at::CUDAGeneratorImpl*, at::native::templates::cuda::normal_kernel<at::CUDAGeneratorImpl*>(at::TensorBase const&, double, double, at::CUDAGeneratorImpl*)::{lambda()#1}::operator()() const::{lambda()#3}::operator()() const::{lambda(float)#1}>(at::TensorIteratorBase&, at::CUDAGeneratorImpl*, at::native::templates::cuda::normal_kernel<at::CUDAGeneratorImpl*>(at::TensorBase const&, double, double, at::CUDAGeneratorImpl*)::{lambda()#1}::operator()() const::{lambda()#3}::operator()() const::{lambda(float)#1})::{lambda(hiprandStatePhilox4_32_10*)#2}, at::native::templates::cuda::normal_kernel<at::CUDAGeneratorImpl*>(at::TensorBase const&, double, double, at::CUDAGeneratorImpl*)::{lambda()#1}::operator()() const::{lambda()#3}::operator()() const::{lambda(float)#1}>(at::TensorIteratorBase&, at::CUDAGeneratorImpl*, at::native::templates::cuda::normal_and_transform<c10::Half, float, at::CUDAGeneratorImpl*, at::native::templates::cuda::normal_kernel<at::CUDAGeneratorImpl*>(at::TensorBase const&, double, double, at::CUDAGeneratorImpl*)::{lambda()#1}::operator()() const::{lambda()#3}::operator()() const::{lambda(float)#1}>(at::TensorIteratorBase&, at::CUDAGeneratorImpl*, at::native::templates::cuda::normal_kernel<at::CUDAGeneratorImpl*>(at::TensorBase const&, double, double, at::CUDAGeneratorImpl*)::{lambda()#1}::operator()() const::{lambda()#3}::operator()() const::{lambda(float)#1})::{lambda(hiprandStatePhilox4_32_10*)#2} const&, at::native::templates::cuda::normal_kernel<at::CUDAGeneratorImpl*>(at::TensorBase const&, double, double, at::CUDAGeneratorImpl*)::{lambda()#1}::operator()() const::{lambda()#3}::operator()() const::{lambda(float)#1})::{lambda(int, float)#1})",7,2173451751349914,2173451751392051,0,0,256,1,1,622592,1,1
"KERNEL_DISPATCH",5,3,1114434,8,24,"void at::native::(anonymous namespace)::distribution_elementwise_grid_stride_kernel<float, 4, at::native::templates::cuda::normal_and_transform<c10::Half, float, at::CUDAGeneratorImpl*, at::native::templates::cuda::normal_kernel<at::CUDAGeneratorImpl*>(at::TensorBase const&, double, double, at::CUDAGeneratorImpl*)::{lambda()#1}::operator()() const::{lambda()#3}::operator()() const::{lambda(float)#1}>(at::TensorIteratorBase&, at::CUDAGeneratorImpl*, at::native::templates::cuda::normal_kernel<at::CUDAGeneratorImpl*>(at::TensorBase const&, double, double, at::CUDAGeneratorImpl*)::{lambda()#1}::operator()() const::{lambda()#3}::operator()() const::{lambda(float)#1})::{lambda(hiprandStatePhilox4_32_10*)#2}, at::native::(anonymous namespace)::distribution_nullary_kernel<c10::Half, float, HIP_vector_type<float, 4u>, at::CUDAGeneratorImpl*, at::native::templates::cuda::normal_and_transform<c10::Half, float, at::CUDAGeneratorImpl*, at::native::templates::cuda::normal_kernel<at::CUDAGeneratorImpl*>(at::TensorBase const&, double, double, at::CUDAGeneratorImpl*)::{lambda()#1}::operator()() const::{lambda()#3}::operator()() const::{lambda(float)#1}>(at::TensorIteratorBase&, at::CUDAGeneratorImpl*, at::native::templates::cuda::normal_kernel<at::CUDAGeneratorImpl*>(at::TensorBase const&, double, double, at::CUDAGeneratorImpl*)::{lambda()#1}::operator()() const::{lambda()#3}::operator()() const::{lambda(float)#1})::{lambda(hiprandStatePhilox4_32_10*)#2}, at::native::templates::cuda::normal_kernel<at::CUDAGeneratorImpl*>(at::TensorBase const&, double, double, at::CUDAGeneratorImpl*)::{lambda()#1}::operator()() const::{lambda()#3}::operator()() const::{lambda(float)#1}>(at::TensorIteratorBase&, at::CUDAGeneratorImpl*, at::native::templates::cuda::normal_and_transform<c10::Half, float, at::CUDAGeneratorImpl*, at::native::templates::cuda::normal_kernel<at::CUDAGeneratorImpl*>(at::TensorBase const&, double, double, at::CUDAGeneratorImpl*)::{lambda()#1}::operator()() const::{lambda()#3}::operator()() const::{lambda(float)#1}>(at::TensorIteratorBase&, at::CUDAGeneratorImpl*, at::native::templates::cuda::normal_kernel<at::CUDAGeneratorImpl*>(at::TensorBase const&, double, double, at::CUDAGeneratorImpl*)::{lambda()#1}::operator()() const::{lambda()#3}::operator()() const::{lambda(float)#1})::{lambda(hiprandStatePhilox4_32_10*)#2} const&, at::native::templates::cuda::normal_kernel<at::CUDAGeneratorImpl*>(at::TensorBase const&, double, double, at::CUDAGeneratorImpl*)::{lambda()#1}::operator()() const::{lambda()#3}::operator()() const::{lambda(float)#1})::{lambda(int, float)#1}>(long, at::PhiloxCudaState, at::native::templates::cuda::normal_and_transform<c10::Half, float, at::CUDAGeneratorImpl*, at::native::templates::cuda::normal_kernel<at::CUDAGeneratorImpl*>(at::TensorBase const&, double, double, at::CUDAGeneratorImpl*)::{lambda()#1}::operator()() const::{lambda()#3}::operator()() const::{lambda(float)#1}>(at::TensorIteratorBase&, at::CUDAGeneratorImpl*, at::native::templates::cuda::normal_kernel<at::CUDAGeneratorImpl*>(at::TensorBase const&, double, double, at::CUDAGeneratorImpl*)::{lambda()#1}::operator()() const::{lambda()#3}::operator()() const::{lambda(float)#1})::{lambda(hiprandStatePhilox4_32_10*)#2}, at::native::(anonymous namespace)::distribution_nullary_kernel<c10::Half, float, HIP_vector_type<float, 4u>, at::CUDAGeneratorImpl*, at::native::templates::cuda::normal_and_transform<c10::Half, float, at::CUDAGeneratorImpl*, at::native::templates::cuda::normal_kernel<at::CUDAGeneratorImpl*>(at::TensorBase const&, double, double, at::CUDAGeneratorImpl*)::{lambda()#1}::operator()() const::{lambda()#3}::operator()() const::{lambda(float)#1}>(at::TensorIteratorBase&, at::CUDAGeneratorImpl*, at::native::templates::cuda::normal_kernel<at::CUDAGeneratorImpl*>(at::TensorBase const&, double, double, at::CUDAGeneratorImpl*)::{lambda()#1}::operator()() const::{lambda()#3}::operator()() const::{lambda(float)#1})::{lambda(hiprandStatePhilox4_32_10*)#2}, at::native::templates::cuda::normal_kernel<at::CUDAGeneratorImpl*>(at::TensorBase const&, double, double, at::CUDAGeneratorImpl*)::{lambda()#1}::operator()() const::{lambda()#3}::operator()() const::{lambda(float)#1}>(at::TensorIteratorBase&, at::CUDAGeneratorImpl*, at::native::templates::cuda::normal_and_transform<c10::Half, float, at::CUDAGeneratorImpl*, at::native::templates::cuda::normal_kernel<at::CUDAGeneratorImpl*>(at::TensorBase const&, double, double, at::CUDAGeneratorImpl*)::{lambda()#1}::operator()() const::{lambda()#3}::operator()() const::{lambda(float)#1}>(at::TensorIteratorBase&, at::CUDAGeneratorImpl*, at::native::templates::cuda::normal_kernel<at::CUDAGeneratorImpl*>(at::TensorBase const&, double, double, at::CUDAGeneratorImpl*)::{lambda()#1}::operator()() const::{lambda()#3}::operator()() const::{lambda(float)#1})::{lambda(hiprandStatePhilox4_32_10*)#2} const&, at::native::templates::cuda::normal_kernel<at::CUDAGeneratorImpl*>(at::TensorBase const&, double, double, at::CUDAGeneratorImpl*)::{lambda()#1}::operator()() const::{lambda()#3}::operator()() const::{lambda(float)#1})::{lambda(int, float)#1})",8,2173451751392051,2173451751397062,0,0,256,1,1,131072,1,1
"KERNEL_DISPATCH",5,3,1114434,9,24,"void at::native::(anonymous namespace)::distribution_elementwise_grid_stride_kernel<float, 4, at::native::templates::cuda::normal_and_transform<c10::Half, float, at::CUDAGeneratorImpl*, at::native::templates::cuda::normal_kernel<at::CUDAGeneratorImpl*>(at::TensorBase const&, double, double, at::CUDAGeneratorImpl*)::{lambda()#1}::operator()() const::{lambda()#3}::operator()() const::{lambda(float)#1}>(at::TensorIteratorBase&, at::CUDAGeneratorImpl*, at::native::templates::cuda::normal_kernel<at::CUDAGeneratorImpl*>(at::TensorBase const&, double, double, at::CUDAGeneratorImpl*)::{lambda()#1}::operator()() const::{lambda()#3}::operator()() const::{lambda(float)#1})::{lambda(hiprandStatePhilox4_32_10*)#2}, at::native::(anonymous namespace)::distribution_nullary_kernel<c10::Half, float, HIP_vector_type<float, 4u>, at::CUDAGeneratorImpl*, at::native::templates::cuda::normal_and_transform<c10::Half, float, at::CUDAGeneratorImpl*, at::native::templates::cuda::normal_kernel<at::CUDAGeneratorImpl*>(at::TensorBase const&, double, double, at::CUDAGeneratorImpl*)::{lambda()#1}::operator()() const::{lambda()#3}::operator()() const::{lambda(float)#1}>(at::TensorIteratorBase&, at::CUDAGeneratorImpl*, at::native::templates::cuda::normal_kernel<at::CUDAGeneratorImpl*>(at::TensorBase const&, double, double, at::CUDAGeneratorImpl*)::{lambda()#1}::operator()() const::{lambda()#3}::operator()() const::{lambda(float)#1})::{lambda(hiprandStatePhilox4_32_10*)#2}, at::native::templates::cuda::normal_kernel<at::CUDAGeneratorImpl*>(at::TensorBase const&, double, double, at::CUDAGeneratorImpl*)::{lambda()#1}::operator()() const::{lambda()#3}::operator()() const::{lambda(float)#1}>(at::TensorIteratorBase&, at::CUDAGeneratorImpl*, at::native::templates::cuda::normal_and_transform<c10::Half, float, at::CUDAGeneratorImpl*, at::native::templates::cuda::normal_kernel<at::CUDAGeneratorImpl*>(at::TensorBase const&, double, double, at::CUDAGeneratorImpl*)::{lambda()#1}::operator()() const::{lambda()#3}::operator()() const::{lambda(float)#1}>(at::TensorIteratorBase&, at::CUDAGeneratorImpl*, at::native::templates::cuda::normal_kernel<at::CUDAGeneratorImpl*>(at::TensorBase const&, double, double, at::CUDAGeneratorImpl*)::{lambda()#1}::operator()() const::{lambda()#3}::operator()() const::{lambda(float)#1})::{lambda(hiprandStatePhilox4_32_10*)#2} const&, at::native::templates::cuda::normal_kernel<at::CUDAGeneratorImpl*>(at::TensorBase const&, double, double, at::CUDAGeneratorImpl*)::{lambda()#1}::operator()() const::{lambda()#3}::operator()() const::{lambda(float)#1})::{lambda(int, float)#1}>(long, at::PhiloxCudaState, at::native::templates::cuda::normal_and_transform<c10::Half, float, at::CUDAGeneratorImpl*, at::native::templates::cuda::normal_kernel<at::CUDAGeneratorImpl*>(at::TensorBase const&, double, double, at::CUDAGeneratorImpl*)::{lambda()#1}::operator()() const::{lambda()#3}::operator()() const::{lambda(float)#1}>(at::TensorIteratorBase&, at::CUDAGeneratorImpl*, at::native::templates::cuda::normal_kernel<at::CUDAGeneratorImpl*>(at::TensorBase const&, double, double, at::CUDAGeneratorImpl*)::{lambda()#1}::operator()() const::{lambda()#3}::operator()() const::{lambda(float)#1})::{lambda(hiprandStatePhilox4_32_10*)#2}, at::native::(anonymous namespace)::distribution_nullary_kernel<c10::Half, float, HIP_vector_type<float, 4u>, at::CUDAGeneratorImpl*, at::native::templates::cuda::normal_and_transform<c10::Half, float, at::CUDAGeneratorImpl*, at::native::templates::cuda::normal_kernel<at::CUDAGeneratorImpl*>(at::TensorBase const&, double, double, at::CUDAGeneratorImpl*)::{lambda()#1}::operator()() const::{lambda()#3}::operator()() const::{lambda(float)#1}>(at::TensorIteratorBase&, at::CUDAGeneratorImpl*, at::native::templates::cuda::normal_kernel<at::CUDAGeneratorImpl*>(at::TensorBase const&, double, double, at::CUDAGeneratorImpl*)::{lambda()#1}::operator()() const::{lambda()#3}::operator()() const::{lambda(float)#1})::{lambda(hiprandStatePhilox4_32_10*)#2}, at::native::templates::cuda::normal_kernel<at::CUDAGeneratorImpl*>(at::TensorBase const&, double, double, at::CUDAGeneratorImpl*)::{lambda()#1}::operator()() const::{lambda()#3}::operator()() const::{lambda(float)#1}>(at::TensorIteratorBase&, at::CUDAGeneratorImpl*, at::native::templates::cuda::normal_and_transform<c10::Half, float, at::CUDAGeneratorImpl*, at::native::templates::cuda::normal_kernel<at::CUDAGeneratorImpl*>(at::TensorBase const&, double, double, at::CUDAGeneratorImpl*)::{lambda()#1}::operator()() const::{lambda()#3}::operator()() const::{lambda(float)#1}>(at::TensorIteratorBase&, at::CUDAGeneratorImpl*, at::native::templates::cuda::normal_kernel<at::CUDAGeneratorImpl*>(at::TensorBase const&, double, double, at::CUDAGeneratorImpl*)::{lambda()#1}::operator()() const::{lambda()#3}::operator()() const::{lambda(float)#1})::{lambda(hiprandStatePhilox4_32_10*)#2} const&, at::native::templates::cuda::normal_kernel<at::CUDAGeneratorImpl*>(at::TensorBase const&, double, double, at::CUDAGeneratorImpl*)::{lambda()#1}::operator()() const::{lambda()#3}::operator()() const::{lambda(float)#1})::{lambda(int, float)#1})",9,2173451751397062,2173451751402234,0,0,256,1,1,131072,1,1
"KERNEL_DISPATCH",5,3,1114434,10,24,"void at::native::(anonymous namespace)::distribution_elementwise_grid_stride_kernel<float, 4, at::native::templates::cuda::normal_and_transform<c10::Half, float, at::CUDAGeneratorImpl*, at::native::templates::cuda::normal_kernel<at::CUDAGeneratorImpl*>(at::TensorBase const&, double, double, at::CUDAGeneratorImpl*)::{lambda()#1}::operator()() const::{lambda()#3}::operator()() const::{lambda(float)#1}>(at::TensorIteratorBase&, at::CUDAGeneratorImpl*, at::native::templates::cuda::normal_kernel<at::CUDAGeneratorImpl*>(at::TensorBase const&, double, double, at::CUDAGeneratorImpl*)::{lambda()#1}::operator()() const::{lambda()#3}::operator()() const::{lambda(float)#1})::{lambda(hiprandStatePhilox4_32_10*)#2}, at::native::(anonymous namespace)::distribution_nullary_kernel<c10::Half, float, HIP_vector_type<float, 4u>, at::CUDAGeneratorImpl*, at::native::templates::cuda::normal_and_transform<c10::Half, float, at::CUDAGeneratorImpl*, at::native::templates::cuda::normal_kernel<at::CUDAGeneratorImpl*>(at::TensorBase const&, double, double, at::CUDAGeneratorImpl*)::{lambda()#1}::operator()() const::{lambda()#3}::operator()() const::{lambda(float)#1}>(at::TensorIteratorBase&, at::CUDAGeneratorImpl*, at::native::templates::cuda::normal_kernel<at::CUDAGeneratorImpl*>(at::TensorBase const&, double, double, at::CUDAGeneratorImpl*)::{lambda()#1}::operator()() const::{lambda()#3}::operator()() const::{lambda(float)#1})::{lambda(hiprandStatePhilox4_32_10*)#2}, at::native::templates::cuda::normal_kernel<at::CUDAGeneratorImpl*>(at::TensorBase const&, double, double, at::CUDAGeneratorImpl*)::{lambda()#1}::operator()() const::{lambda()#3}::operator()() const::{lambda(float)#1}>(at::TensorIteratorBase&, at::CUDAGeneratorImpl*, at::native::templates::cuda::normal_and_transform<c10::Half, float, at::CUDAGeneratorImpl*, at::native::templates::cuda::normal_kernel<at::CUDAGeneratorImpl*>(at::TensorBase const&, double, double, at::CUDAGeneratorImpl*)::{lambda()#1}::operator()() const::{lambda()#3}::operator()() const::{lambda(float)#1}>(at::TensorIteratorBase&, at::CUDAGeneratorImpl*, at::native::templates::cuda::normal_kernel<at::CUDAGeneratorImpl*>(at::TensorBase const&, double, double, at::CUDAGeneratorImpl*)::{lambda()#1}::operator()() const::{lambda()#3}::operator()() const::{lambda(float)#1})::{lambda(hiprandStatePhilox4_32_10*)#2} const&, at::native::templates::cuda::normal_kernel<at::CUDAGeneratorImpl*>(at::TensorBase const&, double, double, at::CUDAGeneratorImpl*)::{lambda()#1}::operator()() const::{lambda()#3}::operator()() const::{lambda(float)#1})::{lambda(int, float)#1}>(long, at::PhiloxCudaState, at::native::templates::cuda::normal_and_transform<c10::Half, float, at::CUDAGeneratorImpl*, at::native::templates::cuda::normal_kernel<at::CUDAGeneratorImpl*>(at::TensorBase const&, double, double, at::CUDAGeneratorImpl*)::{lambda()#1}::operator()() const::{lambda()#3}::operator()() const::{lambda(float)#1}>(at::TensorIteratorBase&, at::CUDAGeneratorImpl*, at::native::templates::cuda::normal_kernel<at::CUDAGeneratorImpl*>(at::TensorBase const&, double, double, at::CUDAGeneratorImpl*)::{lambda()#1}::operator()() const::{lambda()#3}::operator()() const::{lambda(float)#1})::{lambda(hiprandStatePhilox4_32_10*)#2}, at::native::(anonymous namespace)::distribution_nullary_kernel<c10::Half, float, HIP_vector_type<float, 4u>, at::CUDAGeneratorImpl*, at::native::templates::cuda::normal_and_transform<c10::Half, float, at::CUDAGeneratorImpl*, at::native::templates::cuda::normal_kernel<at::CUDAGeneratorImpl*>(at::TensorBase const&, double, double, at::CUDAGeneratorImpl*)::{lambda()#1}::operator()() const::{lambda()#3}::operator()() const::{lambda(float)#1}>(at::TensorIteratorBase&, at::CUDAGeneratorImpl*, at::native::templates::cuda::normal_kernel<at::CUDAGeneratorImpl*>(at::TensorBase const&, double, double, at::CUDAGeneratorImpl*)::{lambda()#1}::operator()() const::{lambda()#3}::operator()() const::{lambda(float)#1})::{lambda(hiprandStatePhilox4_32_10*)#2}, at::native::templates::cuda::normal_kernel<at::CUDAGeneratorImpl*>(at::TensorBase const&, double, double, at::CUDAGeneratorImpl*)::{lambda()#1}::operator()() const::{lambda()#3}::operator()() const::{lambda(float)#1}>(at::TensorIteratorBase&, at::CUDAGeneratorImpl*, at::native::templates::cuda::normal_and_transform<c10::Half, float, at::CUDAGeneratorImpl*, at::native::templates::cuda::normal_kernel<at::CUDAGeneratorImpl*>(at::TensorBase const&, double, double, at::CUDAGeneratorImpl*)::{lambda()#1}::operator()() const::{lambda()#3}::operator()() const::{lambda(float)#1}>(at::TensorIteratorBase&, at::CUDAGeneratorImpl*, at::native::templates::cuda::normal_kernel<at::CUDAGeneratorImpl*>(at::TensorBase const&, double, double, at::CUDAGeneratorImpl*)::{lambda()#1}::operator()() const::{lambda()#3}::operator()() const::{lambda(float)#1})::{lambda(hiprandStatePhilox4_32_10*)#2} const&, at::native::templates::cuda::normal_kernel<at::CUDAGeneratorImpl*>(at::TensorBase const&, double, double, at::CUDAGeneratorImpl*)::{lambda()#1}::operator()() const::{lambda()#3}::operator()() const::{lambda(float)#1})::{lambda(int, float)#1})",10,2173451751402234,2173451751407446,0,0,256,1,1,131072,1,1
"KERNEL_DISPATCH",5,3,1114434,11,24,"void at::native::(anonymous namespace)::distribution_elementwise_grid_stride_kernel<float, 4, at::native::templates::cuda::normal_and_transform<c10::Half, float, at::CUDAGeneratorImpl*, at::native::templates::cuda::normal_kernel<at::CUDAGeneratorImpl*>(at::TensorBase const&, double, double, at::CUDAGeneratorImpl*)::{lambda()#1}::operator()() const::{lambda()#3}::operator()() const::{lambda(float)#1}>(at::TensorIteratorBase&, at::CUDAGeneratorImpl*, at::native::templates::cuda::normal_kernel<at::CUDAGeneratorImpl*>(at::TensorBase const&, double, double, at::CUDAGeneratorImpl*)::{lambda()#1}::operator()() const::{lambda()#3}::operator()() const::{lambda(float)#1})::{lambda(hiprandStatePhilox4_32_10*)#2}, at::native::(anonymous namespace)::distribution_nullary_kernel<c10::Half, float, HIP_vector_type<float, 4u>, at::CUDAGeneratorImpl*, at::native::templates::cuda::normal_and_transform<c10::Half, float, at::CUDAGeneratorImpl*, at::native::templates::cuda::normal_kernel<at::CUDAGeneratorImpl*>(at::TensorBase const&, double, double, at::CUDAGeneratorImpl*)::{lambda()#1}::operator()() const::{lambda()#3}::operator()() const::{lambda(float)#1}>(at::TensorIteratorBase&, at::CUDAGeneratorImpl*, at::native::templates::cuda::normal_kernel<at::CUDAGeneratorImpl*>(at::TensorBase const&, double, double, at::CUDAGeneratorImpl*)::{lambda()#1}::operator()() const::{lambda()#3}::operator()() const::{lambda(float)#1})::{lambda(hiprandStatePhilox4_32_10*)#2}, at::native::templates::cuda::normal_kernel<at::CUDAGeneratorImpl*>(at::TensorBase const&, double, double, at::CUDAGeneratorImpl*)::{lambda()#1}::operator()() const::{lambda()#3}::operator()() const::{lambda(float)#1}>(at::TensorIteratorBase&, at::CUDAGeneratorImpl*, at::native::templates::cuda::normal_and_transform<c10::Half, float, at::CUDAGeneratorImpl*, at::native::templates::cuda::normal_kernel<at::CUDAGeneratorImpl*>(at::TensorBase const&, double, double, at::CUDAGeneratorImpl*)::{lambda()#1}::operator()() const::{lambda()#3}::operator()() const::{lambda(float)#1}>(at::TensorIteratorBase&, at::CUDAGeneratorImpl*, at::native::templates::cuda::normal_kernel<at::CUDAGeneratorImpl*>(at::TensorBase const&, double, double, at::CUDAGeneratorImpl*)::{lambda()#1}::operator()() const::{lambda()#3}::operator()() const::{lambda(float)#1})::{lambda(hiprandStatePhilox4_32_10*)#2} const&, at::native::templates::cuda::normal_kernel<at::CUDAGeneratorImpl*>(at::TensorBase const&, double, double, at::CUDAGeneratorImpl*)::{lambda()#1}::operator()() const::{lambda()#3}::operator()() const::{lambda(float)#1})::{lambda(int, float)#1}>(long, at::PhiloxCudaState, at::native::templates::cuda::normal_and_transform<c10::Half, float, at::CUDAGeneratorImpl*, at::native::templates::cuda::normal_kernel<at::CUDAGeneratorImpl*>(at::TensorBase const&, double, double, at::CUDAGeneratorImpl*)::{lambda()#1}::operator()() const::{lambda()#3}::operator()() const::{lambda(float)#1}>(at::TensorIteratorBase&, at::CUDAGeneratorImpl*, at::native::templates::cuda::normal_kernel<at::CUDAGeneratorImpl*>(at::TensorBase const&, double, double, at::CUDAGeneratorImpl*)::{lambda()#1}::operator()() const::{lambda()#3}::operator()() const::{lambda(float)#1})::{lambda(hiprandStatePhilox4_32_10*)#2}, at::native::(anonymous namespace)::distribution_nullary_kernel<c10::Half, float, HIP_vector_type<float, 4u>, at::CUDAGeneratorImpl*, at::native::templates::cuda::normal_and_transform<c10::Half, float, at::CUDAGeneratorImpl*, at::native::templates::cuda::normal_kernel<at::CUDAGeneratorImpl*>(at::TensorBase const&, double, double, at::CUDAGeneratorImpl*)::{lambda()#1}::operator()() const::{lambda()#3}::operator()() const::{lambda(float)#1}>(at::TensorIteratorBase&, at::CUDAGeneratorImpl*, at::native::templates::cuda::normal_kernel<at::CUDAGeneratorImpl*>(at::TensorBase const&, double, double, at::CUDAGeneratorImpl*)::{lambda()#1}::operator()() const::{lambda()#3}::operator()() const::{lambda(float)#1})::{lambda(hiprandStatePhilox4_32_10*)#2}, at::native::templates::cuda::normal_kernel<at::CUDAGeneratorImpl*>(at::TensorBase const&, double, double, at::CUDAGeneratorImpl*)::{lambda()#1}::operator()() const::{lambda()#3}::operator()() const::{lambda(float)#1}>(at::TensorIteratorBase&, at::CUDAGeneratorImpl*, at::native::templates::cuda::normal_and_transform<c10::Half, float, at::CUDAGeneratorImpl*, at::native::templates::cuda::normal_kernel<at::CUDAGeneratorImpl*>(at::TensorBase const&, double, double, at::CUDAGeneratorImpl*)::{lambda()#1}::operator()() const::{lambda()#3}::operator()() const::{lambda(float)#1}>(at::TensorIteratorBase&, at::CUDAGeneratorImpl*, at::native::templates::cuda::normal_kernel<at::CUDAGeneratorImpl*>(at::TensorBase const&, double, double, at::CUDAGeneratorImpl*)::{lambda()#1}::operator()() const::{lambda()#3}::operator()() const::{lambda(float)#1})::{lambda(hiprandStatePhilox4_32_10*)#2} const&, at::native::templates::cuda::normal_kernel<at::CUDAGeneratorImpl*>(at::TensorBase const&, double, double, at::CUDAGeneratorImpl*)::{lambda()#1}::operator()() const::{lambda()#3}::operator()() const::{lambda(float)#1})::{lambda(int, float)#1})",11,2173451751407446,2173451751449903,0,0,256,1,1,622592,1,1
"KERNEL_DISPATCH",5,3,1114434,12,24,"void at::native::(anonymous namespace)::distribution_elementwise_grid_stride_kernel<float, 4, at::native::templates::cuda::normal_and_transform<c10::Half, float, at::CUDAGeneratorImpl*, at::native::templates::cuda::normal_kernel<at::CUDAGeneratorImpl*>(at::TensorBase const&, double, double, at::CUDAGeneratorImpl*)::{lambda()#1}::operator()() const::{lambda()#3}::operator()() const::{lambda(float)#1}>(at::TensorIteratorBase&, at::CUDAGeneratorImpl*, at::native::templates::cuda::normal_kernel<at::CUDAGeneratorImpl*>(at::TensorBase const&, double, double, at::CUDAGeneratorImpl*)::{lambda()#1}::operator()() const::{lambda()#3}::operator()() const::{lambda(float)#1})::{lambda(hiprandStatePhilox4_32_10*)#2}, at::native::(anonymous namespace)::distribution_nullary_kernel<c10::Half, float, HIP_vector_type<float, 4u>, at::CUDAGeneratorImpl*, at::native::templates::cuda::normal_and_transform<c10::Half, float, at::CUDAGeneratorImpl*, at::native::templates::cuda::normal_kernel<at::CUDAGeneratorImpl*>(at::TensorBase const&, double, double, at::CUDAGeneratorImpl*)::{lambda()#1}::operator()() const::{lambda()#3}::operator()() const::{lambda(float)#1}>(at::TensorIteratorBase&, at::CUDAGeneratorImpl*, at::native::templates::cuda::normal_kernel<at::CUDAGeneratorImpl*>(at::TensorBase const&, double, double, at::CUDAGeneratorImpl*)::{lambda()#1}::operator()() const::{lambda()#3}::operator()() const::{lambda(float)#1})::{lambda(hiprandStatePhilox4_32_10*)#2}, at::native::templates::cuda::normal_kernel<at::CUDAGeneratorImpl*>(at::TensorBase const&, double, double, at::CUDAGeneratorImpl*)::{lambda()#1}::operator()() const::{lambda()#3}::operator()() const::{lambda(float)#1}>(at::TensorIteratorBase&, at::CUDAGeneratorImpl*, at::native::templates::cuda::normal_and_transform<c10::Half, float, at::CUDAGeneratorImpl*, at::native::templates::cuda::normal_kernel<at::CUDAGeneratorImpl*>(at::TensorBase const&, double, double, at::CUDAGeneratorImpl*)::{lambda()#1}::operator()() const::{lambda()#3}::operator()() const::{lambda(float)#1}>(at::TensorIteratorBase&, at::CUDAGeneratorImpl*, at::native::templates::cuda::normal_kernel<at::CUDAGeneratorImpl*>(at::TensorBase const&, double, double, at::CUDAGeneratorImpl*)::{lambda()#1}::operator()() const::{lambda()#3}::operator()() const::{lambda(float)#1})::{lambda(hiprandStatePhilox4_32_10*)#2} const&, at::native::templates::cuda::normal_kernel<at::CUDAGeneratorImpl*>(at::TensorBase const&, double, double, at::CUDAGeneratorImpl*)::{lambda()#1}::operator()() const::{lambda()#3}::operator()() const::{lambda(float)#1})::{lambda(int, float)#1}>(long, at::PhiloxCudaState, at::native::templates::cuda::normal_and_transform<c10::Half, float, at::CUDAGeneratorImpl*, at::native::templates::cuda::normal_kernel<at::CUDAGeneratorImpl*>(at::TensorBase const&, double, double, at::CUDAGeneratorImpl*)::{lambda()#1}::operator()() const::{lambda()#3}::operator()() const::{lambda(float)#1}>(at::TensorIteratorBase&, at::CUDAGeneratorImpl*, at::native::templates::cuda::normal_kernel<at::CUDAGeneratorImpl*>(at::TensorBase const&, double, double, at::CUDAGeneratorImpl*)::{lambda()#1}::operator()() const::{lambda()#3}::operator()() const::{lambda(float)#1})::{lambda(hiprandStatePhilox4_32_10*)#2}, at::native::(anonymous namespace)::distribution_nullary_kernel<c10::Half, float, HIP_vector_type<float, 4u>, at::CUDAGeneratorImpl*, at::native::templates::cuda::normal_and_transform<c10::Half, float, at::CUDAGeneratorImpl*, at::native::templates::cuda::normal_kernel<at::CUDAGeneratorImpl*>(at::TensorBase const&, double, double, at::CUDAGeneratorImpl*)::{lambda()#1}::operator()() const::{lambda()#3}::operator()() const::{lambda(float)#1}>(at::TensorIteratorBase&, at::CUDAGeneratorImpl*, at::native::templates::cuda::normal_kernel<at::CUDAGeneratorImpl*>(at::TensorBase const&, double, double, at::CUDAGeneratorImpl*)::{lambda()#1}::operator()() const::{lambda()#3}::operator()() const::{lambda(float)#1})::{lambda(hiprandStatePhilox4_32_10*)#2}, at::native::templates::cuda::normal_kernel<at::CUDAGeneratorImpl*>(at::TensorBase const&, double, double, at::CUDAGeneratorImpl*)::{lambda()#1}::operator()() const::{lambda()#3}::operator()() const::{lambda(float)#1}>(at::TensorIteratorBase&, at::CUDAGeneratorImpl*, at::native::templates::cuda::normal_and_transform<c10::Half, float, at::CUDAGeneratorImpl*, at::native::templates::cuda::normal_kernel<at::CUDAGeneratorImpl*>(at::TensorBase const&, double, double, at::CUDAGeneratorImpl*)::{lambda()#1}::operator()() const::{lambda()#3}::operator()() const::{lambda(float)#1}>(at::TensorIteratorBase&, at::CUDAGeneratorImpl*, at::native::templates::cuda::normal_kernel<at::CUDAGeneratorImpl*>(at::TensorBase const&, double, double, at::CUDAGeneratorImpl*)::{lambda()#1}::operator()() const::{lambda()#3}::operator()() const::{lambda(float)#1})::{lambda(hiprandStatePhilox4_32_10*)#2} const&, at::native::templates::cuda::normal_kernel<at::CUDAGeneratorImpl*>(at::TensorBase const&, double, double, at::CUDAGeneratorImpl*)::{lambda()#1}::operator()() const::{lambda()#3}::operator()() const::{lambda(float)#1})::{lambda(int, float)#1})",12,2173451751449903,2173451751492400,0,0,256,1,1,622592,1,1
"KERNEL_DISPATCH",5,3,1114434,13,24,"void at::native::(anonymous namespace)::distribution_elementwise_grid_stride_kernel<float, 4, at::native::templates::cuda::normal_and_transform<c10::Half, float, at::CUDAGeneratorImpl*, at::native::templates::cuda::normal_kernel<at::CUDAGeneratorImpl*>(at::TensorBase const&, double, double, at::CUDAGeneratorImpl*)::{lambda()#1}::operator()() const::{lambda()#3}::operator()() const::{lambda(float)#1}>(at::TensorIteratorBase&, at::CUDAGeneratorImpl*, at::native::templates::cuda::normal_kernel<at::CUDAGeneratorImpl*>(at::TensorBase const&, double, double, at::CUDAGeneratorImpl*)::{lambda()#1}::operator()() const::{lambda()#3}::operator()() const::{lambda(float)#1})::{lambda(hiprandStatePhilox4_32_10*)#2}, at::native::(anonymous namespace)::distribution_nullary_kernel<c10::Half, float, HIP_vector_type<float, 4u>, at::CUDAGeneratorImpl*, at::native::templates::cuda::normal_and_transform<c10::Half, float, at::CUDAGeneratorImpl*, at::native::templates::cuda::normal_kernel<at::CUDAGeneratorImpl*>(at::TensorBase const&, double, double, at::CUDAGeneratorImpl*)::{lambda()#1}::operator()() const::{lambda()#3}::operator()() const::{lambda(float)#1}>(at::TensorIteratorBase&, at::CUDAGeneratorImpl*, at::native::templates::cuda::normal_kernel<at::CUDAGeneratorImpl*>(at::TensorBase const&, double, double, at::CUDAGeneratorImpl*)::{lambda()#1}::operator()() const::{lambda()#3}::operator()() const::{lambda(float)#1})::{lambda(hiprandStatePhilox4_32_10*)#2}, at::native::templates::cuda::normal_kernel<at::CUDAGeneratorImpl*>(at::TensorBase const&, double, double, at::CUDAGeneratorImpl*)::{lambda()#1}::operator()() const::{lambda()#3}::operator()() const::{lambda(float)#1}>(at::TensorIteratorBase&, at::CUDAGeneratorImpl*, at::native::templates::cuda::normal_and_transform<c10::Half, float, at::CUDAGeneratorImpl*, at::native::templates::cuda::normal_kernel<at::CUDAGeneratorImpl*>(at::TensorBase const&, double, double, at::CUDAGeneratorImpl*)::{lambda()#1}::operator()() const::{lambda()#3}::operator()() const::{lambda(float)#1}>(at::TensorIteratorBase&, at::CUDAGeneratorImpl*, at::native::templates::cuda::normal_kernel<at::CUDAGeneratorImpl*>(at::TensorBase const&, double, double, at::CUDAGeneratorImpl*)::{lambda()#1}::operator()() const::{lambda()#3}::operator()() const::{lambda(float)#1})::{lambda(hiprandStatePhilox4_32_10*)#2} const&, at::native::templates::cuda::normal_kernel<at::CUDAGeneratorImpl*>(at::TensorBase const&, double, double, at::CUDAGeneratorImpl*)::{lambda()#1}::operator()() const::{lambda()#3}::operator()() const::{lambda(float)#1})::{lambda(int, float)#1}>(long, at::PhiloxCudaState, at::native::templates::cuda::normal_and_transform<c10::Half, float, at::CUDAGeneratorImpl*, at::native::templates::cuda::normal_kernel<at::CUDAGeneratorImpl*>(at::TensorBase const&, double, double, at::CUDAGeneratorImpl*)::{lambda()#1}::operator()() const::{lambda()#3}::operator()() const::{lambda(float)#1}>(at::TensorIteratorBase&, at::CUDAGeneratorImpl*, at::native::templates::cuda::normal_kernel<at::CUDAGeneratorImpl*>(at::TensorBase const&, double, double, at::CUDAGeneratorImpl*)::{lambda()#1}::operator()() const::{lambda()#3}::operator()() const::{lambda(float)#1})::{lambda(hiprandStatePhilox4_32_10*)#2}, at::native::(anonymous namespace)::distribution_nullary_kernel<c10::Half, float, HIP_vector_type<float, 4u>, at::CUDAGeneratorImpl*, at::native::templates::cuda::normal_and_transform<c10::Half, float, at::CUDAGeneratorImpl*, at::native::templates::cuda::normal_kernel<at::CUDAGeneratorImpl*>(at::TensorBase const&, double, double, at::CUDAGeneratorImpl*)::{lambda()#1}::operator()() const::{lambda()#3}::operator()() const::{lambda(float)#1}>(at::TensorIteratorBase&, at::CUDAGeneratorImpl*, at::native::templates::cuda::normal_kernel<at::CUDAGeneratorImpl*>(at::TensorBase const&, double, double, at::CUDAGeneratorImpl*)::{lambda()#1}::operator()() const::{lambda()#3}::operator()() const::{lambda(float)#1})::{lambda(hiprandStatePhilox4_32_10*)#2}, at::native::templates::cuda::normal_kernel<at::CUDAGeneratorImpl*>(at::TensorBase const&, double, double, at::CUDAGeneratorImpl*)::{lambda()#1}::operator()() const::{lambda()#3}::operator()() const::{lambda(float)#1}>(at::TensorIteratorBase&, at::CUDAGeneratorImpl*, at::native::templates::cuda::normal_and_transform<c10::Half, float, at::CUDAGeneratorImpl*, at::native::templates::cuda::normal_kernel<at::CUDAGeneratorImpl*>(at::TensorBase const&, double, double, at::CUDAGeneratorImpl*)::{lambda()#1}::operator()() const::{lambda()#3}::operator()() const::{lambda(float)#1}>(at::TensorIteratorBase&, at::CUDAGeneratorImpl*, at::native::templates::cuda::normal_kernel<at::CUDAGeneratorImpl*>(at::TensorBase const&, double, double, at::CUDAGeneratorImpl*)::{lambda()#1}::operator()() const::{lambda()#3}::operator()() const::{lambda(float)#1})::{lambda(hiprandStatePhilox4_32_10*)#2} const&, at::native::templates::cuda::normal_kernel<at::CUDAGeneratorImpl*>(at::TensorBase const&, double, double, at::CUDAGeneratorImpl*)::{lambda()#1}::operator()() const::{lambda()#3}::operator()() const::{lambda(float)#1})::{lambda(int, float)#1})",13,2173451751492400,2173451751534697,0,0,256,1,1,622592,1,1
"KERNEL_DISPATCH",5,3,1114434,14,24,"void at::native::(anonymous namespace)::distribution_elementwise_grid_stride_kernel<float, 4, at::native::templates::cuda::normal_and_transform<c10::Half, float, at::CUDAGeneratorImpl*, at::native::templates::cuda::normal_kernel<at::CUDAGeneratorImpl*>(at::TensorBase const&, double, double, at::CUDAGeneratorImpl*)::{lambda()#1}::operator()() const::{lambda()#3}::operator()() const::{lambda(float)#1}>(at::TensorIteratorBase&, at::CUDAGeneratorImpl*, at::native::templates::cuda::normal_kernel<at::CUDAGeneratorImpl*>(at::TensorBase const&, double, double, at::CUDAGeneratorImpl*)::{lambda()#1}::operator()() const::{lambda()#3}::operator()() const::{lambda(float)#1})::{lambda(hiprandStatePhilox4_32_10*)#2}, at::native::(anonymous namespace)::distribution_nullary_kernel<c10::Half, float, HIP_vector_type<float, 4u>, at::CUDAGeneratorImpl*, at::native::templates::cuda::normal_and_transform<c10::Half, float, at::CUDAGeneratorImpl*, at::native::templates::cuda::normal_kernel<at::CUDAGeneratorImpl*>(at::TensorBase const&, double, double, at::CUDAGeneratorImpl*)::{lambda()#1}::operator()() const::{lambda()#3}::operator()() const::{lambda(float)#1}>(at::TensorIteratorBase&, at::CUDAGeneratorImpl*, at::native::templates::cuda::normal_kernel<at::CUDAGeneratorImpl*>(at::TensorBase const&, double, double, at::CUDAGeneratorImpl*)::{lambda()#1}::operator()() const::{lambda()#3}::operator()() const::{lambda(float)#1})::{lambda(hiprandStatePhilox4_32_10*)#2}, at::native::templates::cuda::normal_kernel<at::CUDAGeneratorImpl*>(at::TensorBase const&, double, double, at::CUDAGeneratorImpl*)::{lambda()#1}::operator()() const::{lambda()#3}::operator()() const::{lambda(float)#1}>(at::TensorIteratorBase&, at::CUDAGeneratorImpl*, at::native::templates::cuda::normal_and_transform<c10::Half, float, at::CUDAGeneratorImpl*, at::native::templates::cuda::normal_kernel<at::CUDAGeneratorImpl*>(at::TensorBase const&, double, double, at::CUDAGeneratorImpl*)::{lambda()#1}::operator()() const::{lambda()#3}::operator()() const::{lambda(float)#1}>(at::TensorIteratorBase&, at::CUDAGeneratorImpl*, at::native::templates::cuda::normal_kernel<at::CUDAGeneratorImpl*>(at::TensorBase const&, double, double, at::CUDAGeneratorImpl*)::{lambda()#1}::operator()() const::{lambda()#3}::operator()() const::{lambda(float)#1})::{lambda(hiprandStatePhilox4_32_10*)#2} const&, at::native::templates::cuda::normal_kernel<at::CUDAGeneratorImpl*>(at::TensorBase const&, double, double, at::CUDAGeneratorImpl*)::{lambda()#1}::operator()() const::{lambda()#3}::operator()() const::{lambda(float)#1})::{lambda(int, float)#1}>(long, at::PhiloxCudaState, at::native::templates::cuda::normal_and_transform<c10::Half, float, at::CUDAGeneratorImpl*, at::native::templates::cuda::normal_kernel<at::CUDAGeneratorImpl*>(at::TensorBase const&, double, double, at::CUDAGeneratorImpl*)::{lambda()#1}::operator()() const::{lambda()#3}::operator()() const::{lambda(float)#1}>(at::TensorIteratorBase&, at::CUDAGeneratorImpl*, at::native::templates::cuda::normal_kernel<at::CUDAGeneratorImpl*>(at::TensorBase const&, double, double, at::CUDAGeneratorImpl*)::{lambda()#1}::operator()() const::{lambda()#3}::operator()() const::{lambda(float)#1})::{lambda(hiprandStatePhilox4_32_10*)#2}, at::native::(anonymous namespace)::distribution_nullary_kernel<c10::Half, float, HIP_vector_type<float, 4u>, at::CUDAGeneratorImpl*, at::native::templates::cuda::normal_and_transform<c10::Half, float, at::CUDAGeneratorImpl*, at::native::templates::cuda::normal_kernel<at::CUDAGeneratorImpl*>(at::TensorBase const&, double, double, at::CUDAGeneratorImpl*)::{lambda()#1}::operator()() const::{lambda()#3}::operator()() const::{lambda(float)#1}>(at::TensorIteratorBase&, at::CUDAGeneratorImpl*, at::native::templates::cuda::normal_kernel<at::CUDAGeneratorImpl*>(at::TensorBase const&, double, double, at::CUDAGeneratorImpl*)::{lambda()#1}::operator()() const::{lambda()#3}::operator()() const::{lambda(float)#1})::{lambda(hiprandStatePhilox4_32_10*)#2}, at::native::templates::cuda::normal_kernel<at::CUDAGeneratorImpl*>(at::TensorBase const&, double, double, at::CUDAGeneratorImpl*)::{lambda()#1}::operator()() const::{lambda()#3}::operator()() const::{lambda(float)#1}>(at::TensorIteratorBase&, at::CUDAGeneratorImpl*, at::native::templates::cuda::normal_and_transform<c10::Half, float, at::CUDAGeneratorImpl*, at::native::templates::cuda::normal_kernel<at::CUDAGeneratorImpl*>(at::TensorBase const&, double, double, at::CUDAGeneratorImpl*)::{lambda()#1}::operator()() const::{lambda()#3}::operator()() const::{lambda(float)#1}>(at::TensorIteratorBase&, at::CUDAGeneratorImpl*, at::native::templates::cuda::normal_kernel<at::CUDAGeneratorImpl*>(at::TensorBase const&, double, double, at::CUDAGeneratorImpl*)::{lambda()#1}::operator()() const::{lambda()#3}::operator()() const::{lambda(float)#1})::{lambda(hiprandStatePhilox4_32_10*)#2} const&, at::native::templates::cuda::normal_kernel<at::CUDAGeneratorImpl*>(at::TensorBase const&, double, double, at::CUDAGeneratorImpl*)::{lambda()#1}::operator()() const::{lambda()#3}::operator()() const::{lambda(float)#1})::{lambda(int, float)#1})",14,2173451751534697,2173451751539748,0,0,256,1,1,131072,1,1
"KERNEL_DISPATCH",5,3,1114434,15,24,"void at::native::(anonymous namespace)::distribution_elementwise_grid_stride_kernel<float, 4, at::native::templates::cuda::normal_and_transform<c10::Half, float, at::CUDAGeneratorImpl*, at::native::templates::cuda::normal_kernel<at::CUDAGeneratorImpl*>(at::TensorBase const&, double, double, at::CUDAGeneratorImpl*)::{lambda()#1}::operator()() const::{lambda()#3}::operator()() const::{lambda(float)#1}>(at::TensorIteratorBase&, at::CUDAGeneratorImpl*, at::native::templates::cuda::normal_kernel<at::CUDAGeneratorImpl*>(at::TensorBase const&, double, double, at::CUDAGeneratorImpl*)::{lambda()#1}::operator()() const::{lambda()#3}::operator()() const::{lambda(float)#1})::{lambda(hiprandStatePhilox4_32_10*)#2}, at::native::(anonymous namespace)::distribution_nullary_kernel<c10::Half, float, HIP_vector_type<float, 4u>, at::CUDAGeneratorImpl*, at::native::templates::cuda::normal_and_transform<c10::Half, float, at::CUDAGeneratorImpl*, at::native::templates::cuda::normal_kernel<at::CUDAGeneratorImpl*>(at::TensorBase const&, double, double, at::CUDAGeneratorImpl*)::{lambda()#1}::operator()() const::{lambda()#3}::operator()() const::{lambda(float)#1}>(at::TensorIteratorBase&, at::CUDAGeneratorImpl*, at::native::templates::cuda::normal_kernel<at::CUDAGeneratorImpl*>(at::TensorBase const&, double, double, at::CUDAGeneratorImpl*)::{lambda()#1}::operator()() const::{lambda()#3}::operator()() const::{lambda(float)#1})::{lambda(hiprandStatePhilox4_32_10*)#2}, at::native::templates::cuda::normal_kernel<at::CUDAGeneratorImpl*>(at::TensorBase const&, double, double, at::CUDAGeneratorImpl*)::{lambda()#1}::operator()() const::{lambda()#3}::operator()() const::{lambda(float)#1}>(at::TensorIteratorBase&, at::CUDAGeneratorImpl*, at::native::templates::cuda::normal_and_transform<c10::Half, float, at::CUDAGeneratorImpl*, at::native::templates::cuda::normal_kernel<at::CUDAGeneratorImpl*>(at::TensorBase const&, double, double, at::CUDAGeneratorImpl*)::{lambda()#1}::operator()() const::{lambda()#3}::operator()() const::{lambda(float)#1}>(at::TensorIteratorBase&, at::CUDAGeneratorImpl*, at::native::templates::cuda::normal_kernel<at::CUDAGeneratorImpl*>(at::TensorBase const&, double, double, at::CUDAGeneratorImpl*)::{lambda()#1}::operator()() const::{lambda()#3}::operator()() const::{lambda(float)#1})::{lambda(hiprandStatePhilox4_32_10*)#2} const&, at::native::templates::cuda::normal_kernel<at::CUDAGeneratorImpl*>(at::TensorBase const&, double, double, at::CUDAGeneratorImpl*)::{lambda()#1}::operator()() const::{lambda()#3}::operator()() const::{lambda(float)#1})::{lambda(int, float)#1}>(long, at::PhiloxCudaState, at::native::templates::cuda::normal_and_transform<c10::Half, float, at::CUDAGeneratorImpl*, at::native::templates::cuda::normal_kernel<at::CUDAGeneratorImpl*>(at::TensorBase const&, double, double, at::CUDAGeneratorImpl*)::{lambda()#1}::operator()() const::{lambda()#3}::operator()() const::{lambda(float)#1}>(at::TensorIteratorBase&, at::CUDAGeneratorImpl*, at::native::templates::cuda::normal_kernel<at::CUDAGeneratorImpl*>(at::TensorBase const&, double, double, at::CUDAGeneratorImpl*)::{lambda()#1}::operator()() const::{lambda()#3}::operator()() const::{lambda(float)#1})::{lambda(hiprandStatePhilox4_32_10*)#2}, at::native::(anonymous namespace)::distribution_nullary_kernel<c10::Half, float, HIP_vector_type<float, 4u>, at::CUDAGeneratorImpl*, at::native::templates::cuda::normal_and_transform<c10::Half, float, at::CUDAGeneratorImpl*, at::native::templates::cuda::normal_kernel<at::CUDAGeneratorImpl*>(at::TensorBase const&, double, double, at::CUDAGeneratorImpl*)::{lambda()#1}::operator()() const::{lambda()#3}::operator()() const::{lambda(float)#1}>(at::TensorIteratorBase&, at::CUDAGeneratorImpl*, at::native::templates::cuda::normal_kernel<at::CUDAGeneratorImpl*>(at::TensorBase const&, double, double, at::CUDAGeneratorImpl*)::{lambda()#1}::operator()() const::{lambda()#3}::operator()() const::{lambda(float)#1})::{lambda(hiprandStatePhilox4_32_10*)#2}, at::native::templates::cuda::normal_kernel<at::CUDAGeneratorImpl*>(at::TensorBase const&, double, double, at::CUDAGeneratorImpl*)::{lambda()#1}::operator()() const::{lambda()#3}::operator()() const::{lambda(float)#1}>(at::TensorIteratorBase&, at::CUDAGeneratorImpl*, at::native::templates::cuda::normal_and_transform<c10::Half, float, at::CUDAGeneratorImpl*, at::native::templates::cuda::normal_kernel<at::CUDAGeneratorImpl*>(at::TensorBase const&, double, double, at::CUDAGeneratorImpl*)::{lambda()#1}::operator()() const::{lambda()#3}::operator()() const::{lambda(float)#1}>(at::TensorIteratorBase&, at::CUDAGeneratorImpl*, at::native::templates::cuda::normal_kernel<at::CUDAGeneratorImpl*>(at::TensorBase const&, double, double, at::CUDAGeneratorImpl*)::{lambda()#1}::operator()() const::{lambda()#3}::operator()() const::{lambda(float)#1})::{lambda(hiprandStatePhilox4_32_10*)#2} const&, at::native::templates::cuda::normal_kernel<at::CUDAGeneratorImpl*>(at::TensorBase const&, double, double, at::CUDAGeneratorImpl*)::{lambda()#1}::operator()() const::{lambda()#3}::operator()() const::{lambda(float)#1})::{lambda(int, float)#1})",15,2173451751539748,2173451751544720,0,0,256,1,1,131072,1,1
"KERNEL_DISPATCH",5,3,1114434,16,24,"void at::native::(anonymous namespace)::distribution_elementwise_grid_stride_kernel<float, 4, at::native::templates::cuda::normal_and_transform<c10::Half, float, at::CUDAGeneratorImpl*, at::native::templates::cuda::normal_kernel<at::CUDAGeneratorImpl*>(at::TensorBase const&, double, double, at::CUDAGeneratorImpl*)::{lambda()#1}::operator()() const::{lambda()#3}::operator()() const::{lambda(float)#1}>(at::TensorIteratorBase&, at::CUDAGeneratorImpl*, at::native::templates::cuda::normal_kernel<at::CUDAGeneratorImpl*>(at::TensorBase const&, double, double, at::CUDAGeneratorImpl*)::{lambda()#1}::operator()() const::{lambda()#3}::operator()() const::{lambda(float)#1})::{lambda(hiprandStatePhilox4_32_10*)#2}, at::native::(anonymous namespace)::distribution_nullary_kernel<c10::Half, float, HIP_vector_type<float, 4u>, at::CUDAGeneratorImpl*, at::native::templates::cuda::normal_and_transform<c10::Half, float, at::CUDAGeneratorImpl*, at::native::templates::cuda::normal_kernel<at::CUDAGeneratorImpl*>(at::TensorBase const&, double, double, at::CUDAGeneratorImpl*)::{lambda()#1}::operator()() const::{lambda()#3}::operator()() const::{lambda(float)#1}>(at::TensorIteratorBase&, at::CUDAGeneratorImpl*, at::native::templates::cuda::normal_kernel<at::CUDAGeneratorImpl*>(at::TensorBase const&, double, double, at::CUDAGeneratorImpl*)::{lambda()#1}::operator()() const::{lambda()#3}::operator()() const::{lambda(float)#1})::{lambda(hiprandStatePhilox4_32_10*)#2}, at::native::templates::cuda::normal_kernel<at::CUDAGeneratorImpl*>(at::TensorBase const&, double, double, at::CUDAGeneratorImpl*)::{lambda()#1}::operator()() const::{lambda()#3}::operator()() const::{lambda(float)#1}>(at::TensorIteratorBase&, at::CUDAGeneratorImpl*, at::native::templates::cuda::normal_and_transform<c10::Half, float, at::CUDAGeneratorImpl*, at::native::templates::cuda::normal_kernel<at::CUDAGeneratorImpl*>(at::TensorBase const&, double, double, at::CUDAGeneratorImpl*)::{lambda()#1}::operator()() const::{lambda()#3}::operator()() const::{lambda(float)#1}>(at::TensorIteratorBase&, at::CUDAGeneratorImpl*, at::native::templates::cuda::normal_kernel<at::CUDAGeneratorImpl*>(at::TensorBase const&, double, double, at::CUDAGeneratorImpl*)::{lambda()#1}::operator()() const::{lambda()#3}::operator()() const::{lambda(float)#1})::{lambda(hiprandStatePhilox4_32_10*)#2} const&, at::native::templates::cuda::normal_kernel<at::CUDAGeneratorImpl*>(at::TensorBase const&, double, double, at::CUDAGeneratorImpl*)::{lambda()#1}::operator()() const::{lambda()#3}::operator()() const::{lambda(float)#1})::{lambda(int, float)#1}>(long, at::PhiloxCudaState, at::native::templates::cuda::normal_and_transform<c10::Half, float, at::CUDAGeneratorImpl*, at::native::templates::cuda::normal_kernel<at::CUDAGeneratorImpl*>(at::TensorBase const&, double, double, at::CUDAGeneratorImpl*)::{lambda()#1}::operator()() const::{lambda()#3}::operator()() const::{lambda(float)#1}>(at::TensorIteratorBase&, at::CUDAGeneratorImpl*, at::native::templates::cuda::normal_kernel<at::CUDAGeneratorImpl*>(at::TensorBase const&, double, double, at::CUDAGeneratorImpl*)::{lambda()#1}::operator()() const::{lambda()#3}::operator()() const::{lambda(float)#1})::{lambda(hiprandStatePhilox4_32_10*)#2}, at::native::(anonymous namespace)::distribution_nullary_kernel<c10::Half, float, HIP_vector_type<float, 4u>, at::CUDAGeneratorImpl*, at::native::templates::cuda::normal_and_transform<c10::Half, float, at::CUDAGeneratorImpl*, at::native::templates::cuda::normal_kernel<at::CUDAGeneratorImpl*>(at::TensorBase const&, double, double, at::CUDAGeneratorImpl*)::{lambda()#1}::operator()() const::{lambda()#3}::operator()() const::{lambda(float)#1}>(at::TensorIteratorBase&, at::CUDAGeneratorImpl*, at::native::templates::cuda::normal_kernel<at::CUDAGeneratorImpl*>(at::TensorBase const&, double, double, at::CUDAGeneratorImpl*)::{lambda()#1}::operator()() const::{lambda()#3}::operator()() const::{lambda(float)#1})::{lambda(hiprandStatePhilox4_32_10*)#2}, at::native::templates::cuda::normal_kernel<at::CUDAGeneratorImpl*>(at::TensorBase const&, double, double, at::CUDAGeneratorImpl*)::{lambda()#1}::operator()() const::{lambda()#3}::operator()() const::{lambda(float)#1}>(at::TensorIteratorBase&, at::CUDAGeneratorImpl*, at::native::templates::cuda::normal_and_transform<c10::Half, float, at::CUDAGeneratorImpl*, at::native::templates::cuda::normal_kernel<at::CUDAGeneratorImpl*>(at::TensorBase const&, double, double, at::CUDAGeneratorImpl*)::{lambda()#1}::operator()() const::{lambda()#3}::operator()() const::{lambda(float)#1}>(at::TensorIteratorBase&, at::CUDAGeneratorImpl*, at::native::templates::cuda::normal_kernel<at::CUDAGeneratorImpl*>(at::TensorBase const&, double, double, at::CUDAGeneratorImpl*)::{lambda()#1}::operator()() const::{lambda()#3}::operator()() const::{lambda(float)#1})::{lambda(hiprandStatePhilox4_32_10*)#2} const&, at::native::templates::cuda::normal_kernel<at::CUDAGeneratorImpl*>(at::TensorBase const&, double, double, at::CUDAGeneratorImpl*)::{lambda()#1}::operator()() const::{lambda()#3}::operator()() const::{lambda(float)#1})::{lambda(int, float)#1})",16,2173451751544720,2173451751549852,0,0,256,1,1,131072,1,1
"KERNEL_DISPATCH",5,3,1114434,17,24,"void at::native::(anonymous namespace)::distribution_elementwise_grid_stride_kernel<float, 4, at::native::templates::cuda::normal_and_transform<c10::Half, float, at::CUDAGeneratorImpl*, at::native::templates::cuda::normal_kernel<at::CUDAGeneratorImpl*>(at::TensorBase const&, double, double, at::CUDAGeneratorImpl*)::{lambda()#1}::operator()() const::{lambda()#3}::operator()() const::{lambda(float)#1}>(at::TensorIteratorBase&, at::CUDAGeneratorImpl*, at::native::templates::cuda::normal_kernel<at::CUDAGeneratorImpl*>(at::TensorBase const&, double, double, at::CUDAGeneratorImpl*)::{lambda()#1}::operator()() const::{lambda()#3}::operator()() const::{lambda(float)#1})::{lambda(hiprandStatePhilox4_32_10*)#2}, at::native::(anonymous namespace)::distribution_nullary_kernel<c10::Half, float, HIP_vector_type<float, 4u>, at::CUDAGeneratorImpl*, at::native::templates::cuda::normal_and_transform<c10::Half, float, at::CUDAGeneratorImpl*, at::native::templates::cuda::normal_kernel<at::CUDAGeneratorImpl*>(at::TensorBase const&, double, double, at::CUDAGeneratorImpl*)::{lambda()#1}::operator()() const::{lambda()#3}::operator()() const::{lambda(float)#1}>(at::TensorIteratorBase&, at::CUDAGeneratorImpl*, at::native::templates::cuda::normal_kernel<at::CUDAGeneratorImpl*>(at::TensorBase const&, double, double, at::CUDAGeneratorImpl*)::{lambda()#1}::operator()() const::{lambda()#3}::operator()() const::{lambda(float)#1})::{lambda(hiprandStatePhilox4_32_10*)#2}, at::native::templates::cuda::normal_kernel<at::CUDAGeneratorImpl*>(at::TensorBase const&, double, double, at::CUDAGeneratorImpl*)::{lambda()#1}::operator()() const::{lambda()#3}::operator()() const::{lambda(float)#1}>(at::TensorIteratorBase&, at::CUDAGeneratorImpl*, at::native::templates::cuda::normal_and_transform<c10::Half, float, at::CUDAGeneratorImpl*, at::native::templates::cuda::normal_kernel<at::CUDAGeneratorImpl*>(at::TensorBase const&, double, double, at::CUDAGeneratorImpl*)::{lambda()#1}::operator()() const::{lambda()#3}::operator()() const::{lambda(float)#1}>(at::TensorIteratorBase&, at::CUDAGeneratorImpl*, at::native::templates::cuda::normal_kernel<at::CUDAGeneratorImpl*>(at::TensorBase const&, double, double, at::CUDAGeneratorImpl*)::{lambda()#1}::operator()() const::{lambda()#3}::operator()() const::{lambda(float)#1})::{lambda(hiprandStatePhilox4_32_10*)#2} const&, at::native::templates::cuda::normal_kernel<at::CUDAGeneratorImpl*>(at::TensorBase const&, double, double, at::CUDAGeneratorImpl*)::{lambda()#1}::operator()() const::{lambda()#3}::operator()() const::{lambda(float)#1})::{lambda(int, float)#1}>(long, at::PhiloxCudaState, at::native::templates::cuda::normal_and_transform<c10::Half, float, at::CUDAGeneratorImpl*, at::native::templates::cuda::normal_kernel<at::CUDAGeneratorImpl*>(at::TensorBase const&, double, double, at::CUDAGeneratorImpl*)::{lambda()#1}::operator()() const::{lambda()#3}::operator()() const::{lambda(float)#1}>(at::TensorIteratorBase&, at::CUDAGeneratorImpl*, at::native::templates::cuda::normal_kernel<at::CUDAGeneratorImpl*>(at::TensorBase const&, double, double, at::CUDAGeneratorImpl*)::{lambda()#1}::operator()() const::{lambda()#3}::operator()() const::{lambda(float)#1})::{lambda(hiprandStatePhilox4_32_10*)#2}, at::native::(anonymous namespace)::distribution_nullary_kernel<c10::Half, float, HIP_vector_type<float, 4u>, at::CUDAGeneratorImpl*, at::native::templates::cuda::normal_and_transform<c10::Half, float, at::CUDAGeneratorImpl*, at::native::templates::cuda::normal_kernel<at::CUDAGeneratorImpl*>(at::TensorBase const&, double, double, at::CUDAGeneratorImpl*)::{lambda()#1}::operator()() const::{lambda()#3}::operator()() const::{lambda(float)#1}>(at::TensorIteratorBase&, at::CUDAGeneratorImpl*, at::native::templates::cuda::normal_kernel<at::CUDAGeneratorImpl*>(at::TensorBase const&, double, double, at::CUDAGeneratorImpl*)::{lambda()#1}::operator()() const::{lambda()#3}::operator()() const::{lambda(float)#1})::{lambda(hiprandStatePhilox4_32_10*)#2}, at::native::templates::cuda::normal_kernel<at::CUDAGeneratorImpl*>(at::TensorBase const&, double, double, at::CUDAGeneratorImpl*)::{lambda()#1}::operator()() const::{lambda()#3}::operator()() const::{lambda(float)#1}>(at::TensorIteratorBase&, at::CUDAGeneratorImpl*, at::native::templates::cuda::normal_and_transform<c10::Half, float, at::CUDAGeneratorImpl*, at::native::templates::cuda::normal_kernel<at::CUDAGeneratorImpl*>(at::TensorBase const&, double, double, at::CUDAGeneratorImpl*)::{lambda()#1}::operator()() const::{lambda()#3}::operator()() const::{lambda(float)#1}>(at::TensorIteratorBase&, at::CUDAGeneratorImpl*, at::native::templates::cuda::normal_kernel<at::CUDAGeneratorImpl*>(at::TensorBase const&, double, double, at::CUDAGeneratorImpl*)::{lambda()#1}::operator()() const::{lambda()#3}::operator()() const::{lambda(float)#1})::{lambda(hiprandStatePhilox4_32_10*)#2} const&, at::native::templates::cuda::normal_kernel<at::CUDAGeneratorImpl*>(at::TensorBase const&, double, double, at::CUDAGeneratorImpl*)::{lambda()#1}::operator()() const::{lambda()#3}::operator()() const::{lambda(float)#1})::{lambda(int, float)#1})",17,2173451751549852,2173451751592349,0,0,256,1,1,622592,1,1
"KERNEL_DISPATCH",5,3,1114434,18,24,"void at::native::(anonymous namespace)::distribution_elementwise_grid_stride_kernel<float, 4, at::native::templates::cuda::normal_and_transform<c10::Half, float, at::CUDAGeneratorImpl*, at::native::templates::cuda::normal_kernel<at::CUDAGeneratorImpl*>(at::TensorBase const&, double, double, at::CUDAGeneratorImpl*)::{lambda()#1}::operator()() const::{lambda()#3}::operator()() const::{lambda(float)#1}>(at::TensorIteratorBase&, at::CUDAGeneratorImpl*, at::native::templates::cuda::normal_kernel<at::CUDAGeneratorImpl*>(at::TensorBase const&, double, double, at::CUDAGeneratorImpl*)::{lambda()#1}::operator()() const::{lambda()#3}::operator()() const::{lambda(float)#1})::{lambda(hiprandStatePhilox4_32_10*)#2}, at::native::(anonymous namespace)::distribution_nullary_kernel<c10::Half, float, HIP_vector_type<float, 4u>, at::CUDAGeneratorImpl*, at::native::templates::cuda::normal_and_transform<c10::Half, float, at::CUDAGeneratorImpl*, at::native::templates::cuda::normal_kernel<at::CUDAGeneratorImpl*>(at::TensorBase const&, double, double, at::CUDAGeneratorImpl*)::{lambda()#1}::operator()() const::{lambda()#3}::operator()() const::{lambda(float)#1}>(at::TensorIteratorBase&, at::CUDAGeneratorImpl*, at::native::templates::cuda::normal_kernel<at::CUDAGeneratorImpl*>(at::TensorBase const&, double, double, at::CUDAGeneratorImpl*)::{lambda()#1}::operator()() const::{lambda()#3}::operator()() const::{lambda(float)#1})::{lambda(hiprandStatePhilox4_32_10*)#2}, at::native::templates::cuda::normal_kernel<at::CUDAGeneratorImpl*>(at::TensorBase const&, double, double, at::CUDAGeneratorImpl*)::{lambda()#1}::operator()() const::{lambda()#3}::operator()() const::{lambda(float)#1}>(at::TensorIteratorBase&, at::CUDAGeneratorImpl*, at::native::templates::cuda::normal_and_transform<c10::Half, float, at::CUDAGeneratorImpl*, at::native::templates::cuda::normal_kernel<at::CUDAGeneratorImpl*>(at::TensorBase const&, double, double, at::CUDAGeneratorImpl*)::{lambda()#1}::operator()() const::{lambda()#3}::operator()() const::{lambda(float)#1}>(at::TensorIteratorBase&, at::CUDAGeneratorImpl*, at::native::templates::cuda::normal_kernel<at::CUDAGeneratorImpl*>(at::TensorBase const&, double, double, at::CUDAGeneratorImpl*)::{lambda()#1}::operator()() const::{lambda()#3}::operator()() const::{lambda(float)#1})::{lambda(hiprandStatePhilox4_32_10*)#2} const&, at::native::templates::cuda::normal_kernel<at::CUDAGeneratorImpl*>(at::TensorBase const&, double, double, at::CUDAGeneratorImpl*)::{lambda()#1}::operator()() const::{lambda()#3}::operator()() const::{lambda(float)#1})::{lambda(int, float)#1}>(long, at::PhiloxCudaState, at::native::templates::cuda::normal_and_transform<c10::Half, float, at::CUDAGeneratorImpl*, at::native::templates::cuda::normal_kernel<at::CUDAGeneratorImpl*>(at::TensorBase const&, double, double, at::CUDAGeneratorImpl*)::{lambda()#1}::operator()() const::{lambda()#3}::operator()() const::{lambda(float)#1}>(at::TensorIteratorBase&, at::CUDAGeneratorImpl*, at::native::templates::cuda::normal_kernel<at::CUDAGeneratorImpl*>(at::TensorBase const&, double, double, at::CUDAGeneratorImpl*)::{lambda()#1}::operator()() const::{lambda()#3}::operator()() const::{lambda(float)#1})::{lambda(hiprandStatePhilox4_32_10*)#2}, at::native::(anonymous namespace)::distribution_nullary_kernel<c10::Half, float, HIP_vector_type<float, 4u>, at::CUDAGeneratorImpl*, at::native::templates::cuda::normal_and_transform<c10::Half, float, at::CUDAGeneratorImpl*, at::native::templates::cuda::normal_kernel<at::CUDAGeneratorImpl*>(at::TensorBase const&, double, double, at::CUDAGeneratorImpl*)::{lambda()#1}::operator()() const::{lambda()#3}::operator()() const::{lambda(float)#1}>(at::TensorIteratorBase&, at::CUDAGeneratorImpl*, at::native::templates::cuda::normal_kernel<at::CUDAGeneratorImpl*>(at::TensorBase const&, double, double, at::CUDAGeneratorImpl*)::{lambda()#1}::operator()() const::{lambda()#3}::operator()() const::{lambda(float)#1})::{lambda(hiprandStatePhilox4_32_10*)#2}, at::native::templates::cuda::normal_kernel<at::CUDAGeneratorImpl*>(at::TensorBase const&, double, double, at::CUDAGeneratorImpl*)::{lambda()#1}::operator()() const::{lambda()#3}::operator()() const::{lambda(float)#1}>(at::TensorIteratorBase&, at::CUDAGeneratorImpl*, at::native::templates::cuda::normal_and_transform<c10::Half, float, at::CUDAGeneratorImpl*, at::native::templates::cuda::normal_kernel<at::CUDAGeneratorImpl*>(at::TensorBase const&, double, double, at::CUDAGeneratorImpl*)::{lambda()#1}::operator()() const::{lambda()#3}::operator()() const::{lambda(float)#1}>(at::TensorIteratorBase&, at::CUDAGeneratorImpl*, at::native::templates::cuda::normal_kernel<at::CUDAGeneratorImpl*>(at::TensorBase const&, double, double, at::CUDAGeneratorImpl*)::{lambda()#1}::operator()() const::{lambda()#3}::operator()() const::{lambda(float)#1})::{lambda(hiprandStatePhilox4_32_10*)#2} const&, at::native::templates::cuda::normal_kernel<at::CUDAGeneratorImpl*>(at::TensorBase const&, double, double, at::CUDAGeneratorImpl*)::{lambda()#1}::operator()() const::{lambda()#3}::operator()() const::{lambda(float)#1})::{lambda(int, float)#1})",18,2173451751592349,2173451751634726,0,0,256,1,1,622592,1,1
"KERNEL_DISPATCH",5,3,1114434,19,24,"void at::native::(anonymous namespace)::distribution_elementwise_grid_stride_kernel<float, 4, at::native::templates::cuda::normal_and_transform<c10::Half, float, at::CUDAGeneratorImpl*, at::native::templates::cuda::normal_kernel<at::CUDAGeneratorImpl*>(at::TensorBase const&, double, double, at::CUDAGeneratorImpl*)::{lambda()#1}::operator()() const::{lambda()#3}::operator()() const::{lambda(float)#1}>(at::TensorIteratorBase&, at::CUDAGeneratorImpl*, at::native::templates::cuda::normal_kernel<at::CUDAGeneratorImpl*>(at::TensorBase const&, double, double, at::CUDAGeneratorImpl*)::{lambda()#1}::operator()() const::{lambda()#3}::operator()() const::{lambda(float)#1})::{lambda(hiprandStatePhilox4_32_10*)#2}, at::native::(anonymous namespace)::distribution_nullary_kernel<c10::Half, float, HIP_vector_type<float, 4u>, at::CUDAGeneratorImpl*, at::native::templates::cuda::normal_and_transform<c10::Half, float, at::CUDAGeneratorImpl*, at::native::templates::cuda::normal_kernel<at::CUDAGeneratorImpl*>(at::TensorBase const&, double, double, at::CUDAGeneratorImpl*)::{lambda()#1}::operator()() const::{lambda()#3}::operator()() const::{lambda(float)#1}>(at::TensorIteratorBase&, at::CUDAGeneratorImpl*, at::native::templates::cuda::normal_kernel<at::CUDAGeneratorImpl*>(at::TensorBase const&, double, double, at::CUDAGeneratorImpl*)::{lambda()#1}::operator()() const::{lambda()#3}::operator()() const::{lambda(float)#1})::{lambda(hiprandStatePhilox4_32_10*)#2}, at::native::templates::cuda::normal_kernel<at::CUDAGeneratorImpl*>(at::TensorBase const&, double, double, at::CUDAGeneratorImpl*)::{lambda()#1}::operator()() const::{lambda()#3}::operator()() const::{lambda(float)#1}>(at::TensorIteratorBase&, at::CUDAGeneratorImpl*, at::native::templates::cuda::normal_and_transform<c10::Half, float, at::CUDAGeneratorImpl*, at::native::templates::cuda::normal_kernel<at::CUDAGeneratorImpl*>(at::TensorBase const&, double, double, at::CUDAGeneratorImpl*)::{lambda()#1}::operator()() const::{lambda()#3}::operator()() const::{lambda(float)#1}>(at::TensorIteratorBase&, at::CUDAGeneratorImpl*, at::native::templates::cuda::normal_kernel<at::CUDAGeneratorImpl*>(at::TensorBase const&, double, double, at::CUDAGeneratorImpl*)::{lambda()#1}::operator()() const::{lambda()#3}::operator()() const::{lambda(float)#1})::{lambda(hiprandStatePhilox4_32_10*)#2} const&, at::native::templates::cuda::normal_kernel<at::CUDAGeneratorImpl*>(at::TensorBase const&, double, double, at::CUDAGeneratorImpl*)::{lambda()#1}::operator()() const::{lambda()#3}::operator()() const::{lambda(float)#1})::{lambda(int, float)#1}>(long, at::PhiloxCudaState, at::native::templates::cuda::normal_and_transform<c10::Half, float, at::CUDAGeneratorImpl*, at::native::templates::cuda::normal_kernel<at::CUDAGeneratorImpl*>(at::TensorBase const&, double, double, at::CUDAGeneratorImpl*)::{lambda()#1}::operator()() const::{lambda()#3}::operator()() const::{lambda(float)#1}>(at::TensorIteratorBase&, at::CUDAGeneratorImpl*, at::native::templates::cuda::normal_kernel<at::CUDAGeneratorImpl*>(at::TensorBase const&, double, double, at::CUDAGeneratorImpl*)::{lambda()#1}::operator()() const::{lambda()#3}::operator()() const::{lambda(float)#1})::{lambda(hiprandStatePhilox4_32_10*)#2}, at::native::(anonymous namespace)::distribution_nullary_kernel<c10::Half, float, HIP_vector_type<float, 4u>, at::CUDAGeneratorImpl*, at::native::templates::cuda::normal_and_transform<c10::Half, float, at::CUDAGeneratorImpl*, at::native::templates::cuda::normal_kernel<at::CUDAGeneratorImpl*>(at::TensorBase const&, double, double, at::CUDAGeneratorImpl*)::{lambda()#1}::operator()() const::{lambda()#3}::operator()() const::{lambda(float)#1}>(at::TensorIteratorBase&, at::CUDAGeneratorImpl*, at::native::templates::cuda::normal_kernel<at::CUDAGeneratorImpl*>(at::TensorBase const&, double, double, at::CUDAGeneratorImpl*)::{lambda()#1}::operator()() const::{lambda()#3}::operator()() const::{lambda(float)#1})::{lambda(hiprandStatePhilox4_32_10*)#2}, at::native::templates::cuda::normal_kernel<at::CUDAGeneratorImpl*>(at::TensorBase const&, double, double, at::CUDAGeneratorImpl*)::{lambda()#1}::operator()() const::{lambda()#3}::operator()() const::{lambda(float)#1}>(at::TensorIteratorBase&, at::CUDAGeneratorImpl*, at::native::templates::cuda::normal_and_transform<c10::Half, float, at::CUDAGeneratorImpl*, at::native::templates::cuda::normal_kernel<at::CUDAGeneratorImpl*>(at::TensorBase const&, double, double, at::CUDAGeneratorImpl*)::{lambda()#1}::operator()() const::{lambda()#3}::operator()() const::{lambda(float)#1}>(at::TensorIteratorBase&, at::CUDAGeneratorImpl*, at::native::templates::cuda::normal_kernel<at::CUDAGeneratorImpl*>(at::TensorBase const&, double, double, at::CUDAGeneratorImpl*)::{lambda()#1}::operator()() const::{lambda()#3}::operator()() const::{lambda(float)#1})::{lambda(hiprandStatePhilox4_32_10*)#2} const&, at::native::templates::cuda::normal_kernel<at::CUDAGeneratorImpl*>(at::TensorBase const&, double, double, at::CUDAGeneratorImpl*)::{lambda()#1}::operator()() const::{lambda()#3}::operator()() const::{lambda(float)#1})::{lambda(int, float)#1})",19,2173451751634726,2173451751678426,0,0,256,1,1,622592,1,1
"KERNEL_DISPATCH",5,3,1114434,20,24,"void at::native::(anonymous namespace)::distribution_elementwise_grid_stride_kernel<float, 4, at::native::templates::cuda::normal_and_transform<c10::Half, float, at::CUDAGeneratorImpl*, at::native::templates::cuda::normal_kernel<at::CUDAGeneratorImpl*>(at::TensorBase const&, double, double, at::CUDAGeneratorImpl*)::{lambda()#1}::operator()() const::{lambda()#3}::operator()() const::{lambda(float)#1}>(at::TensorIteratorBase&, at::CUDAGeneratorImpl*, at::native::templates::cuda::normal_kernel<at::CUDAGeneratorImpl*>(at::TensorBase const&, double, double, at::CUDAGeneratorImpl*)::{lambda()#1}::operator()() const::{lambda()#3}::operator()() const::{lambda(float)#1})::{lambda(hiprandStatePhilox4_32_10*)#2}, at::native::(anonymous namespace)::distribution_nullary_kernel<c10::Half, float, HIP_vector_type<float, 4u>, at::CUDAGeneratorImpl*, at::native::templates::cuda::normal_and_transform<c10::Half, float, at::CUDAGeneratorImpl*, at::native::templates::cuda::normal_kernel<at::CUDAGeneratorImpl*>(at::TensorBase const&, double, double, at::CUDAGeneratorImpl*)::{lambda()#1}::operator()() const::{lambda()#3}::operator()() const::{lambda(float)#1}>(at::TensorIteratorBase&, at::CUDAGeneratorImpl*, at::native::templates::cuda::normal_kernel<at::CUDAGeneratorImpl*>(at::TensorBase const&, double, double, at::CUDAGeneratorImpl*)::{lambda()#1}::operator()() const::{lambda()#3}::operator()() const::{lambda(float)#1})::{lambda(hiprandStatePhilox4_32_10*)#2}, at::native::templates::cuda::normal_kernel<at::CUDAGeneratorImpl*>(at::TensorBase const&, double, double, at::CUDAGeneratorImpl*)::{lambda()#1}::operator()() const::{lambda()#3}::operator()() const::{lambda(float)#1}>(at::TensorIteratorBase&, at::CUDAGeneratorImpl*, at::native::templates::cuda::normal_and_transform<c10::Half, float, at::CUDAGeneratorImpl*, at::native::templates::cuda::normal_kernel<at::CUDAGeneratorImpl*>(at::TensorBase const&, double, double, at::CUDAGeneratorImpl*)::{lambda()#1}::operator()() const::{lambda()#3}::operator()() const::{lambda(float)#1}>(at::TensorIteratorBase&, at::CUDAGeneratorImpl*, at::native::templates::cuda::normal_kernel<at::CUDAGeneratorImpl*>(at::TensorBase const&, double, double, at::CUDAGeneratorImpl*)::{lambda()#1}::operator()() const::{lambda()#3}::operator()() const::{lambda(float)#1})::{lambda(hiprandStatePhilox4_32_10*)#2} const&, at::native::templates::cuda::normal_kernel<at::CUDAGeneratorImpl*>(at::TensorBase const&, double, double, at::CUDAGeneratorImpl*)::{lambda()#1}::operator()() const::{lambda()#3}::operator()() const::{lambda(float)#1})::{lambda(int, float)#1}>(long, at::PhiloxCudaState, at::native::templates::cuda::normal_and_transform<c10::Half, float, at::CUDAGeneratorImpl*, at::native::templates::cuda::normal_kernel<at::CUDAGeneratorImpl*>(at::TensorBase const&, double, double, at::CUDAGeneratorImpl*)::{lambda()#1}::operator()() const::{lambda()#3}::operator()() const::{lambda(float)#1}>(at::TensorIteratorBase&, at::CUDAGeneratorImpl*, at::native::templates::cuda::normal_kernel<at::CUDAGeneratorImpl*>(at::TensorBase const&, double, double, at::CUDAGeneratorImpl*)::{lambda()#1}::operator()() const::{lambda()#3}::operator()() const::{lambda(float)#1})::{lambda(hiprandStatePhilox4_32_10*)#2}, at::native::(anonymous namespace)::distribution_nullary_kernel<c10::Half, float, HIP_vector_type<float, 4u>, at::CUDAGeneratorImpl*, at::native::templates::cuda::normal_and_transform<c10::Half, float, at::CUDAGeneratorImpl*, at::native::templates::cuda::normal_kernel<at::CUDAGeneratorImpl*>(at::TensorBase const&, double, double, at::CUDAGeneratorImpl*)::{lambda()#1}::operator()() const::{lambda()#3}::operator()() const::{lambda(float)#1}>(at::TensorIteratorBase&, at::CUDAGeneratorImpl*, at::native::templates::cuda::normal_kernel<at::CUDAGeneratorImpl*>(at::TensorBase const&, double, double, at::CUDAGeneratorImpl*)::{lambda()#1}::operator()() const::{lambda()#3}::operator()() const::{lambda(float)#1})::{lambda(hiprandStatePhilox4_32_10*)#2}, at::native::templates::cuda::normal_kernel<at::CUDAGeneratorImpl*>(at::TensorBase const&, double, double, at::CUDAGeneratorImpl*)::{lambda()#1}::operator()() const::{lambda()#3}::operator()() const::{lambda(float)#1}>(at::TensorIteratorBase&, at::CUDAGeneratorImpl*, at::native::templates::cuda::normal_and_transform<c10::Half, float, at::CUDAGeneratorImpl*, at::native::templates::cuda::normal_kernel<at::CUDAGeneratorImpl*>(at::TensorBase const&, double, double, at::CUDAGeneratorImpl*)::{lambda()#1}::operator()() const::{lambda()#3}::operator()() const::{lambda(float)#1}>(at::TensorIteratorBase&, at::CUDAGeneratorImpl*, at::native::templates::cuda::normal_kernel<at::CUDAGeneratorImpl*>(at::TensorBase const&, double, double, at::CUDAGeneratorImpl*)::{lambda()#1}::operator()() const::{lambda()#3}::operator()() const::{lambda(float)#1})::{lambda(hiprandStatePhilox4_32_10*)#2} const&, at::native::templates::cuda::normal_kernel<at::CUDAGeneratorImpl*>(at::TensorBase const&, double, double, at::CUDAGeneratorImpl*)::{lambda()#1}::operator()() const::{lambda()#3}::operator()() const::{lambda(float)#1})::{lambda(int, float)#1})",20,2173451751678426,2173451751683558,0,0,256,1,1,131072,1,1
"KERNEL_DISPATCH",5,3,1114434,21,24,"void at::native::(anonymous namespace)::distribution_elementwise_grid_stride_kernel<float, 4, at::native::templates::cuda::normal_and_transform<c10::Half, float, at::CUDAGeneratorImpl*, at::native::templates::cuda::normal_kernel<at::CUDAGeneratorImpl*>(at::TensorBase const&, double, double, at::CUDAGeneratorImpl*)::{lambda()#1}::operator()() const::{lambda()#3}::operator()() const::{lambda(float)#1}>(at::TensorIteratorBase&, at::CUDAGeneratorImpl*, at::native::templates::cuda::normal_kernel<at::CUDAGeneratorImpl*>(at::TensorBase const&, double, double, at::CUDAGeneratorImpl*)::{lambda()#1}::operator()() const::{lambda()#3}::operator()() const::{lambda(float)#1})::{lambda(hiprandStatePhilox4_32_10*)#2}, at::native::(anonymous namespace)::distribution_nullary_kernel<c10::Half, float, HIP_vector_type<float, 4u>, at::CUDAGeneratorImpl*, at::native::templates::cuda::normal_and_transform<c10::Half, float, at::CUDAGeneratorImpl*, at::native::templates::cuda::normal_kernel<at::CUDAGeneratorImpl*>(at::TensorBase const&, double, double, at::CUDAGeneratorImpl*)::{lambda()#1}::operator()() const::{lambda()#3}::operator()() const::{lambda(float)#1}>(at::TensorIteratorBase&, at::CUDAGeneratorImpl*, at::native::templates::cuda::normal_kernel<at::CUDAGeneratorImpl*>(at::TensorBase const&, double, double, at::CUDAGeneratorImpl*)::{lambda()#1}::operator()() const::{lambda()#3}::operator()() const::{lambda(float)#1})::{lambda(hiprandStatePhilox4_32_10*)#2}, at::native::templates::cuda::normal_kernel<at::CUDAGeneratorImpl*>(at::TensorBase const&, double, double, at::CUDAGeneratorImpl*)::{lambda()#1}::operator()() const::{lambda()#3}::operator()() const::{lambda(float)#1}>(at::TensorIteratorBase&, at::CUDAGeneratorImpl*, at::native::templates::cuda::normal_and_transform<c10::Half, float, at::CUDAGeneratorImpl*, at::native::templates::cuda::normal_kernel<at::CUDAGeneratorImpl*>(at::TensorBase const&, double, double, at::CUDAGeneratorImpl*)::{lambda()#1}::operator()() const::{lambda()#3}::operator()() const::{lambda(float)#1}>(at::TensorIteratorBase&, at::CUDAGeneratorImpl*, at::native::templates::cuda::normal_kernel<at::CUDAGeneratorImpl*>(at::TensorBase const&, double, double, at::CUDAGeneratorImpl*)::{lambda()#1}::operator()() const::{lambda()#3}::operator()() const::{lambda(float)#1})::{lambda(hiprandStatePhilox4_32_10*)#2} const&, at::native::templates::cuda::normal_kernel<at::CUDAGeneratorImpl*>(at::TensorBase const&, double, double, at::CUDAGeneratorImpl*)::{lambda()#1}::operator()() const::{lambda()#3}::operator()() const::{lambda(float)#1})::{lambda(int, float)#1}>(long, at::PhiloxCudaState, at::native::templates::cuda::normal_and_transform<c10::Half, float, at::CUDAGeneratorImpl*, at::native::templates::cuda::normal_kernel<at::CUDAGeneratorImpl*>(at::TensorBase const&, double, double, at::CUDAGeneratorImpl*)::{lambda()#1}::operator()() const::{lambda()#3}::operator()() const::{lambda(float)#1}>(at::TensorIteratorBase&, at::CUDAGeneratorImpl*, at::native::templates::cuda::normal_kernel<at::CUDAGeneratorImpl*>(at::TensorBase const&, double, double, at::CUDAGeneratorImpl*)::{lambda()#1}::operator()() const::{lambda()#3}::operator()() const::{lambda(float)#1})::{lambda(hiprandStatePhilox4_32_10*)#2}, at::native::(anonymous namespace)::distribution_nullary_kernel<c10::Half, float, HIP_vector_type<float, 4u>, at::CUDAGeneratorImpl*, at::native::templates::cuda::normal_and_transform<c10::Half, float, at::CUDAGeneratorImpl*, at::native::templates::cuda::normal_kernel<at::CUDAGeneratorImpl*>(at::TensorBase const&, double, double, at::CUDAGeneratorImpl*)::{lambda()#1}::operator()() const::{lambda()#3}::operator()() const::{lambda(float)#1}>(at::TensorIteratorBase&, at::CUDAGeneratorImpl*, at::native::templates::cuda::normal_kernel<at::CUDAGeneratorImpl*>(at::TensorBase const&, double, double, at::CUDAGeneratorImpl*)::{lambda()#1}::operator()() const::{lambda()#3}::operator()() const::{lambda(float)#1})::{lambda(hiprandStatePhilox4_32_10*)#2}, at::native::templates::cuda::normal_kernel<at::CUDAGeneratorImpl*>(at::TensorBase const&, double, double, at::CUDAGeneratorImpl*)::{lambda()#1}::operator()() const::{lambda()#3}::operator()() const::{lambda(float)#1}>(at::TensorIteratorBase&, at::CUDAGeneratorImpl*, at::native::templates::cuda::normal_and_transform<c10::Half, float, at::CUDAGeneratorImpl*, at::native::templates::cuda::normal_kernel<at::CUDAGeneratorImpl*>(at::TensorBase const&, double, double, at::CUDAGeneratorImpl*)::{lambda()#1}::operator()() const::{lambda()#3}::operator()() const::{lambda(float)#1}>(at::TensorIteratorBase&, at::CUDAGeneratorImpl*, at::native::templates::cuda::normal_kernel<at::CUDAGeneratorImpl*>(at::TensorBase const&, double, double, at::CUDAGeneratorImpl*)::{lambda()#1}::operator()() const::{lambda()#3}::operator()() const::{lambda(float)#1})::{lambda(hiprandStatePhilox4_32_10*)#2} const&, at::native::templates::cuda::normal_kernel<at::CUDAGeneratorImpl*>(at::TensorBase const&, double, double, at::CUDAGeneratorImpl*)::{lambda()#1}::operator()() const::{lambda()#3}::operator()() const::{lambda(float)#1})::{lambda(int, float)#1})",21,2173451751683558,2173451751688689,0,0,256,1,1,131072,1,1
"KERNEL_DISPATCH",5,3,1114434,22,24,"void at::native::(anonymous namespace)::distribution_elementwise_grid_stride_kernel<float, 4, at::native::templates::cuda::normal_and_transform<c10::Half, float, at::CUDAGeneratorImpl*, at::native::templates::cuda::normal_kernel<at::CUDAGeneratorImpl*>(at::TensorBase const&, double, double, at::CUDAGeneratorImpl*)::{lambda()#1}::operator()() const::{lambda()#3}::operator()() const::{lambda(float)#1}>(at::TensorIteratorBase&, at::CUDAGeneratorImpl*, at::native::templates::cuda::normal_kernel<at::CUDAGeneratorImpl*>(at::TensorBase const&, double, double, at::CUDAGeneratorImpl*)::{lambda()#1}::operator()() const::{lambda()#3}::operator()() const::{lambda(float)#1})::{lambda(hiprandStatePhilox4_32_10*)#2}, at::native::(anonymous namespace)::distribution_nullary_kernel<c10::Half, float, HIP_vector_type<float, 4u>, at::CUDAGeneratorImpl*, at::native::templates::cuda::normal_and_transform<c10::Half, float, at::CUDAGeneratorImpl*, at::native::templates::cuda::normal_kernel<at::CUDAGeneratorImpl*>(at::TensorBase const&, double, double, at::CUDAGeneratorImpl*)::{lambda()#1}::operator()() const::{lambda()#3}::operator()() const::{lambda(float)#1}>(at::TensorIteratorBase&, at::CUDAGeneratorImpl*, at::native::templates::cuda::normal_kernel<at::CUDAGeneratorImpl*>(at::TensorBase const&, double, double, at::CUDAGeneratorImpl*)::{lambda()#1}::operator()() const::{lambda()#3}::operator()() const::{lambda(float)#1})::{lambda(hiprandStatePhilox4_32_10*)#2}, at::native::templates::cuda::normal_kernel<at::CUDAGeneratorImpl*>(at::TensorBase const&, double, double, at::CUDAGeneratorImpl*)::{lambda()#1}::operator()() const::{lambda()#3}::operator()() const::{lambda(float)#1}>(at::TensorIteratorBase&, at::CUDAGeneratorImpl*, at::native::templates::cuda::normal_and_transform<c10::Half, float, at::CUDAGeneratorImpl*, at::native::templates::cuda::normal_kernel<at::CUDAGeneratorImpl*>(at::TensorBase const&, double, double, at::CUDAGeneratorImpl*)::{lambda()#1}::operator()() const::{lambda()#3}::operator()() const::{lambda(float)#1}>(at::TensorIteratorBase&, at::CUDAGeneratorImpl*, at::native::templates::cuda::normal_kernel<at::CUDAGeneratorImpl*>(at::TensorBase const&, double, double, at::CUDAGeneratorImpl*)::{lambda()#1}::operator()() const::{lambda()#3}::operator()() const::{lambda(float)#1})::{lambda(hiprandStatePhilox4_32_10*)#2} const&, at::native::templates::cuda::normal_kernel<at::CUDAGeneratorImpl*>(at::TensorBase const&, double, double, at::CUDAGeneratorImpl*)::{lambda()#1}::operator()() const::{lambda()#3}::operator()() const::{lambda(float)#1})::{lambda(int, float)#1}>(long, at::PhiloxCudaState, at::native::templates::cuda::normal_and_transform<c10::Half, float, at::CUDAGeneratorImpl*, at::native::templates::cuda::normal_kernel<at::CUDAGeneratorImpl*>(at::TensorBase const&, double, double, at::CUDAGeneratorImpl*)::{lambda()#1}::operator()() const::{lambda()#3}::operator()() const::{lambda(float)#1}>(at::TensorIteratorBase&, at::CUDAGeneratorImpl*, at::native::templates::cuda::normal_kernel<at::CUDAGeneratorImpl*>(at::TensorBase const&, double, double, at::CUDAGeneratorImpl*)::{lambda()#1}::operator()() const::{lambda()#3}::operator()() const::{lambda(float)#1})::{lambda(hiprandStatePhilox4_32_10*)#2}, at::native::(anonymous namespace)::distribution_nullary_kernel<c10::Half, float, HIP_vector_type<float, 4u>, at::CUDAGeneratorImpl*, at::native::templates::cuda::normal_and_transform<c10::Half, float, at::CUDAGeneratorImpl*, at::native::templates::cuda::normal_kernel<at::CUDAGeneratorImpl*>(at::TensorBase const&, double, double, at::CUDAGeneratorImpl*)::{lambda()#1}::operator()() const::{lambda()#3}::operator()() const::{lambda(float)#1}>(at::TensorIteratorBase&, at::CUDAGeneratorImpl*, at::native::templates::cuda::normal_kernel<at::CUDAGeneratorImpl*>(at::TensorBase const&, double, double, at::CUDAGeneratorImpl*)::{lambda()#1}::operator()() const::{lambda()#3}::operator()() const::{lambda(float)#1})::{lambda(hiprandStatePhilox4_32_10*)#2}, at::native::templates::cuda::normal_kernel<at::CUDAGeneratorImpl*>(at::TensorBase const&, double, double, at::CUDAGeneratorImpl*)::{lambda()#1}::operator()() const::{lambda()#3}::operator()() const::{lambda(float)#1}>(at::TensorIteratorBase&, at::CUDAGeneratorImpl*, at::native::templates::cuda::normal_and_transform<c10::Half, float, at::CUDAGeneratorImpl*, at::native::templates::cuda::normal_kernel<at::CUDAGeneratorImpl*>(at::TensorBase const&, double, double, at::CUDAGeneratorImpl*)::{lambda()#1}::operator()() const::{lambda()#3}::operator()() const::{lambda(float)#1}>(at::TensorIteratorBase&, at::CUDAGeneratorImpl*, at::native::templates::cuda::normal_kernel<at::CUDAGeneratorImpl*>(at::TensorBase const&, double, double, at::CUDAGeneratorImpl*)::{lambda()#1}::operator()() const::{lambda()#3}::operator()() const::{lambda(float)#1})::{lambda(hiprandStatePhilox4_32_10*)#2} const&, at::native::templates::cuda::normal_kernel<at::CUDAGeneratorImpl*>(at::TensorBase const&, double, double, at::CUDAGeneratorImpl*)::{lambda()#1}::operator()() const::{lambda()#3}::operator()() const::{lambda(float)#1})::{lambda(int, float)#1})",22,2173451751688689,2173451751693901,0,0,256,1,1,131072,1,1
"KERNEL_DISPATCH",5,3,1114434,23,24,"void at::native::(anonymous namespace)::distribution_elementwise_grid_stride_kernel<float, 4, at::native::templates::cuda::normal_and_transform<c10::Half, float, at::CUDAGeneratorImpl*, at::native::templates::cuda::normal_kernel<at::CUDAGeneratorImpl*>(at::TensorBase const&, double, double, at::CUDAGeneratorImpl*)::{lambda()#1}::operator()() const::{lambda()#3}::operator()() const::{lambda(float)#1}>(at::TensorIteratorBase&, at::CUDAGeneratorImpl*, at::native::templates::cuda::normal_kernel<at::CUDAGeneratorImpl*>(at::TensorBase const&, double, double, at::CUDAGeneratorImpl*)::{lambda()#1}::operator()() const::{lambda()#3}::operator()() const::{lambda(float)#1})::{lambda(hiprandStatePhilox4_32_10*)#2}, at::native::(anonymous namespace)::distribution_nullary_kernel<c10::Half, float, HIP_vector_type<float, 4u>, at::CUDAGeneratorImpl*, at::native::templates::cuda::normal_and_transform<c10::Half, float, at::CUDAGeneratorImpl*, at::native::templates::cuda::normal_kernel<at::CUDAGeneratorImpl*>(at::TensorBase const&, double, double, at::CUDAGeneratorImpl*)::{lambda()#1}::operator()() const::{lambda()#3}::operator()() const::{lambda(float)#1}>(at::TensorIteratorBase&, at::CUDAGeneratorImpl*, at::native::templates::cuda::normal_kernel<at::CUDAGeneratorImpl*>(at::TensorBase const&, double, double, at::CUDAGeneratorImpl*)::{lambda()#1}::operator()() const::{lambda()#3}::operator()() const::{lambda(float)#1})::{lambda(hiprandStatePhilox4_32_10*)#2}, at::native::templates::cuda::normal_kernel<at::CUDAGeneratorImpl*>(at::TensorBase const&, double, double, at::CUDAGeneratorImpl*)::{lambda()#1}::operator()() const::{lambda()#3}::operator()() const::{lambda(float)#1}>(at::TensorIteratorBase&, at::CUDAGeneratorImpl*, at::native::templates::cuda::normal_and_transform<c10::Half, float, at::CUDAGeneratorImpl*, at::native::templates::cuda::normal_kernel<at::CUDAGeneratorImpl*>(at::TensorBase const&, double, double, at::CUDAGeneratorImpl*)::{lambda()#1}::operator()() const::{lambda()#3}::operator()() const::{lambda(float)#1}>(at::TensorIteratorBase&, at::CUDAGeneratorImpl*, at::native::templates::cuda::normal_kernel<at::CUDAGeneratorImpl*>(at::TensorBase const&, double, double, at::CUDAGeneratorImpl*)::{lambda()#1}::operator()() const::{lambda()#3}::operator()() const::{lambda(float)#1})::{lambda(hiprandStatePhilox4_32_10*)#2} const&, at::native::templates::cuda::normal_kernel<at::CUDAGeneratorImpl*>(at::TensorBase const&, double, double, at::CUDAGeneratorImpl*)::{lambda()#1}::operator()() const::{lambda()#3}::operator()() const::{lambda(float)#1})::{lambda(int, float)#1}>(long, at::PhiloxCudaState, at::native::templates::cuda::normal_and_transform<c10::Half, float, at::CUDAGeneratorImpl*, at::native::templates::cuda::normal_kernel<at::CUDAGeneratorImpl*>(at::TensorBase const&, double, double, at::CUDAGeneratorImpl*)::{lambda()#1}::operator()() const::{lambda()#3}::operator()() const::{lambda(float)#1}>(at::TensorIteratorBase&, at::CUDAGeneratorImpl*, at::native::templates::cuda::normal_kernel<at::CUDAGeneratorImpl*>(at::TensorBase const&, double, double, at::CUDAGeneratorImpl*)::{lambda()#1}::operator()() const::{lambda()#3}::operator()() const::{lambda(float)#1})::{lambda(hiprandStatePhilox4_32_10*)#2}, at::native::(anonymous namespace)::distribution_nullary_kernel<c10::Half, float, HIP_vector_type<float, 4u>, at::CUDAGeneratorImpl*, at::native::templates::cuda::normal_and_transform<c10::Half, float, at::CUDAGeneratorImpl*, at::native::templates::cuda::normal_kernel<at::CUDAGeneratorImpl*>(at::TensorBase const&, double, double, at::CUDAGeneratorImpl*)::{lambda()#1}::operator()() const::{lambda()#3}::operator()() const::{lambda(float)#1}>(at::TensorIteratorBase&, at::CUDAGeneratorImpl*, at::native::templates::cuda::normal_kernel<at::CUDAGeneratorImpl*>(at::TensorBase const&, double, double, at::CUDAGeneratorImpl*)::{lambda()#1}::operator()() const::{lambda()#3}::operator()() const::{lambda(float)#1})::{lambda(hiprandStatePhilox4_32_10*)#2}, at::native::templates::cuda::normal_kernel<at::CUDAGeneratorImpl*>(at::TensorBase const&, double, double, at::CUDAGeneratorImpl*)::{lambda()#1}::operator()() const::{lambda()#3}::operator()() const::{lambda(float)#1}>(at::TensorIteratorBase&, at::CUDAGeneratorImpl*, at::native::templates::cuda::normal_and_transform<c10::Half, float, at::CUDAGeneratorImpl*, at::native::templates::cuda::normal_kernel<at::CUDAGeneratorImpl*>(at::TensorBase const&, double, double, at::CUDAGeneratorImpl*)::{lambda()#1}::operator()() const::{lambda()#3}::operator()() const::{lambda(float)#1}>(at::TensorIteratorBase&, at::CUDAGeneratorImpl*, at::native::templates::cuda::normal_kernel<at::CUDAGeneratorImpl*>(at::TensorBase const&, double, double, at::CUDAGeneratorImpl*)::{lambda()#1}::operator()() const::{lambda()#3}::operator()() const::{lambda(float)#1})::{lambda(hiprandStatePhilox4_32_10*)#2} const&, at::native::templates::cuda::normal_kernel<at::CUDAGeneratorImpl*>(at::TensorBase const&, double, double, at::CUDAGeneratorImpl*)::{lambda()#1}::operator()() const::{lambda()#3}::operator()() const::{lambda(float)#1})::{lambda(int, float)#1})",23,2173451751693901,2173451751737721,0,0,256,1,1,622592,1,1
"KERNEL_DISPATCH",5,3,1114434,24,24,"void at::native::(anonymous namespace)::distribution_elementwise_grid_stride_kernel<float, 4, at::native::templates::cuda::normal_and_transform<c10::Half, float, at::CUDAGeneratorImpl*, at::native::templates::cuda::normal_kernel<at::CUDAGeneratorImpl*>(at::TensorBase const&, double, double, at::CUDAGeneratorImpl*)::{lambda()#1}::operator()() const::{lambda()#3}::operator()() const::{lambda(float)#1}>(at::TensorIteratorBase&, at::CUDAGeneratorImpl*, at::native::templates::cuda::normal_kernel<at::CUDAGeneratorImpl*>(at::TensorBase const&, double, double, at::CUDAGeneratorImpl*)::{lambda()#1}::operator()() const::{lambda()#3}::operator()() const::{lambda(float)#1})::{lambda(hiprandStatePhilox4_32_10*)#2}, at::native::(anonymous namespace)::distribution_nullary_kernel<c10::Half, float, HIP_vector_type<float, 4u>, at::CUDAGeneratorImpl*, at::native::templates::cuda::normal_and_transform<c10::Half, float, at::CUDAGeneratorImpl*, at::native::templates::cuda::normal_kernel<at::CUDAGeneratorImpl*>(at::TensorBase const&, double, double, at::CUDAGeneratorImpl*)::{lambda()#1}::operator()() const::{lambda()#3}::operator()() const::{lambda(float)#1}>(at::TensorIteratorBase&, at::CUDAGeneratorImpl*, at::native::templates::cuda::normal_kernel<at::CUDAGeneratorImpl*>(at::TensorBase const&, double, double, at::CUDAGeneratorImpl*)::{lambda()#1}::operator()() const::{lambda()#3}::operator()() const::{lambda(float)#1})::{lambda(hiprandStatePhilox4_32_10*)#2}, at::native::templates::cuda::normal_kernel<at::CUDAGeneratorImpl*>(at::TensorBase const&, double, double, at::CUDAGeneratorImpl*)::{lambda()#1}::operator()() const::{lambda()#3}::operator()() const::{lambda(float)#1}>(at::TensorIteratorBase&, at::CUDAGeneratorImpl*, at::native::templates::cuda::normal_and_transform<c10::Half, float, at::CUDAGeneratorImpl*, at::native::templates::cuda::normal_kernel<at::CUDAGeneratorImpl*>(at::TensorBase const&, double, double, at::CUDAGeneratorImpl*)::{lambda()#1}::operator()() const::{lambda()#3}::operator()() const::{lambda(float)#1}>(at::TensorIteratorBase&, at::CUDAGeneratorImpl*, at::native::templates::cuda::normal_kernel<at::CUDAGeneratorImpl*>(at::TensorBase const&, double, double, at::CUDAGeneratorImpl*)::{lambda()#1}::operator()() const::{lambda()#3}::operator()() const::{lambda(float)#1})::{lambda(hiprandStatePhilox4_32_10*)#2} const&, at::native::templates::cuda::normal_kernel<at::CUDAGeneratorImpl*>(at::TensorBase const&, double, double, at::CUDAGeneratorImpl*)::{lambda()#1}::operator()() const::{lambda()#3}::operator()() const::{lambda(float)#1})::{lambda(int, float)#1}>(long, at::PhiloxCudaState, at::native::templates::cuda::normal_and_transform<c10::Half, float, at::CUDAGeneratorImpl*, at::native::templates::cuda::normal_kernel<at::CUDAGeneratorImpl*>(at::TensorBase const&, double, double, at::CUDAGeneratorImpl*)::{lambda()#1}::operator()() const::{lambda()#3}::operator()() const::{lambda(float)#1}>(at::TensorIteratorBase&, at::CUDAGeneratorImpl*, at::native::templates::cuda::normal_kernel<at::CUDAGeneratorImpl*>(at::TensorBase const&, double, double, at::CUDAGeneratorImpl*)::{lambda()#1}::operator()() const::{lambda()#3}::operator()() const::{lambda(float)#1})::{lambda(hiprandStatePhilox4_32_10*)#2}, at::native::(anonymous namespace)::distribution_nullary_kernel<c10::Half, float, HIP_vector_type<float, 4u>, at::CUDAGeneratorImpl*, at::native::templates::cuda::normal_and_transform<c10::Half, float, at::CUDAGeneratorImpl*, at::native::templates::cuda::normal_kernel<at::CUDAGeneratorImpl*>(at::TensorBase const&, double, double, at::CUDAGeneratorImpl*)::{lambda()#1}::operator()() const::{lambda()#3}::operator()() const::{lambda(float)#1}>(at::TensorIteratorBase&, at::CUDAGeneratorImpl*, at::native::templates::cuda::normal_kernel<at::CUDAGeneratorImpl*>(at::TensorBase const&, double, double, at::CUDAGeneratorImpl*)::{lambda()#1}::operator()() const::{lambda()#3}::operator()() const::{lambda(float)#1})::{lambda(hiprandStatePhilox4_32_10*)#2}, at::native::templates::cuda::normal_kernel<at::CUDAGeneratorImpl*>(at::TensorBase const&, double, double, at::CUDAGeneratorImpl*)::{lambda()#1}::operator()() const::{lambda()#3}::operator()() const::{lambda(float)#1}>(at::TensorIteratorBase&, at::CUDAGeneratorImpl*, at::native::templates::cuda::normal_and_transform<c10::Half, float, at::CUDAGeneratorImpl*, at::native::templates::cuda::normal_kernel<at::CUDAGeneratorImpl*>(at::TensorBase const&, double, double, at::CUDAGeneratorImpl*)::{lambda()#1}::operator()() const::{lambda()#3}::operator()() const::{lambda(float)#1}>(at::TensorIteratorBase&, at::CUDAGeneratorImpl*, at::native::templates::cuda::normal_kernel<at::CUDAGeneratorImpl*>(at::TensorBase const&, double, double, at::CUDAGeneratorImpl*)::{lambda()#1}::operator()() const::{lambda()#3}::operator()() const::{lambda(float)#1})::{lambda(hiprandStatePhilox4_32_10*)#2} const&, at::native::templates::cuda::normal_kernel<at::CUDAGeneratorImpl*>(at::TensorBase const&, double, double, at::CUDAGeneratorImpl*)::{lambda()#1}::operator()() const::{lambda()#3}::operator()() const::{lambda(float)#1})::{lambda(int, float)#1})",24,2173451751737721,2173451751780299,0,0,256,1,1,622592,1,1
"KERNEL_DISPATCH",5,3,1114434,25,24,"void at::native::(anonymous namespace)::distribution_elementwise_grid_stride_kernel<float, 4, at::native::templates::cuda::normal_and_transform<c10::Half, float, at::CUDAGeneratorImpl*, at::native::templates::cuda::normal_kernel<at::CUDAGeneratorImpl*>(at::TensorBase const&, double, double, at::CUDAGeneratorImpl*)::{lambda()#1}::operator()() const::{lambda()#3}::operator()() const::{lambda(float)#1}>(at::TensorIteratorBase&, at::CUDAGeneratorImpl*, at::native::templates::cuda::normal_kernel<at::CUDAGeneratorImpl*>(at::TensorBase const&, double, double, at::CUDAGeneratorImpl*)::{lambda()#1}::operator()() const::{lambda()#3}::operator()() const::{lambda(float)#1})::{lambda(hiprandStatePhilox4_32_10*)#2}, at::native::(anonymous namespace)::distribution_nullary_kernel<c10::Half, float, HIP_vector_type<float, 4u>, at::CUDAGeneratorImpl*, at::native::templates::cuda::normal_and_transform<c10::Half, float, at::CUDAGeneratorImpl*, at::native::templates::cuda::normal_kernel<at::CUDAGeneratorImpl*>(at::TensorBase const&, double, double, at::CUDAGeneratorImpl*)::{lambda()#1}::operator()() const::{lambda()#3}::operator()() const::{lambda(float)#1}>(at::TensorIteratorBase&, at::CUDAGeneratorImpl*, at::native::templates::cuda::normal_kernel<at::CUDAGeneratorImpl*>(at::TensorBase const&, double, double, at::CUDAGeneratorImpl*)::{lambda()#1}::operator()() const::{lambda()#3}::operator()() const::{lambda(float)#1})::{lambda(hiprandStatePhilox4_32_10*)#2}, at::native::templates::cuda::normal_kernel<at::CUDAGeneratorImpl*>(at::TensorBase const&, double, double, at::CUDAGeneratorImpl*)::{lambda()#1}::operator()() const::{lambda()#3}::operator()() const::{lambda(float)#1}>(at::TensorIteratorBase&, at::CUDAGeneratorImpl*, at::native::templates::cuda::normal_and_transform<c10::Half, float, at::CUDAGeneratorImpl*, at::native::templates::cuda::normal_kernel<at::CUDAGeneratorImpl*>(at::TensorBase const&, double, double, at::CUDAGeneratorImpl*)::{lambda()#1}::operator()() const::{lambda()#3}::operator()() const::{lambda(float)#1}>(at::TensorIteratorBase&, at::CUDAGeneratorImpl*, at::native::templates::cuda::normal_kernel<at::CUDAGeneratorImpl*>(at::TensorBase const&, double, double, at::CUDAGeneratorImpl*)::{lambda()#1}::operator()() const::{lambda()#3}::operator()() const::{lambda(float)#1})::{lambda(hiprandStatePhilox4_32_10*)#2} const&, at::native::templates::cuda::normal_kernel<at::CUDAGeneratorImpl*>(at::TensorBase const&, double, double, at::CUDAGeneratorImpl*)::{lambda()#1}::operator()() const::{lambda()#3}::operator()() const::{lambda(float)#1})::{lambda(int, float)#1}>(long, at::PhiloxCudaState, at::native::templates::cuda::normal_and_transform<c10::Half, float, at::CUDAGeneratorImpl*, at::native::templates::cuda::normal_kernel<at::CUDAGeneratorImpl*>(at::TensorBase const&, double, double, at::CUDAGeneratorImpl*)::{lambda()#1}::operator()() const::{lambda()#3}::operator()() const::{lambda(float)#1}>(at::TensorIteratorBase&, at::CUDAGeneratorImpl*, at::native::templates::cuda::normal_kernel<at::CUDAGeneratorImpl*>(at::TensorBase const&, double, double, at::CUDAGeneratorImpl*)::{lambda()#1}::operator()() const::{lambda()#3}::operator()() const::{lambda(float)#1})::{lambda(hiprandStatePhilox4_32_10*)#2}, at::native::(anonymous namespace)::distribution_nullary_kernel<c10::Half, float, HIP_vector_type<float, 4u>, at::CUDAGeneratorImpl*, at::native::templates::cuda::normal_and_transform<c10::Half, float, at::CUDAGeneratorImpl*, at::native::templates::cuda::normal_kernel<at::CUDAGeneratorImpl*>(at::TensorBase const&, double, double, at::CUDAGeneratorImpl*)::{lambda()#1}::operator()() const::{lambda()#3}::operator()() const::{lambda(float)#1}>(at::TensorIteratorBase&, at::CUDAGeneratorImpl*, at::native::templates::cuda::normal_kernel<at::CUDAGeneratorImpl*>(at::TensorBase const&, double, double, at::CUDAGeneratorImpl*)::{lambda()#1}::operator()() const::{lambda()#3}::operator()() const::{lambda(float)#1})::{lambda(hiprandStatePhilox4_32_10*)#2}, at::native::templates::cuda::normal_kernel<at::CUDAGeneratorImpl*>(at::TensorBase const&, double, double, at::CUDAGeneratorImpl*)::{lambda()#1}::operator()() const::{lambda()#3}::operator()() const::{lambda(float)#1}>(at::TensorIteratorBase&, at::CUDAGeneratorImpl*, at::native::templates::cuda::normal_and_transform<c10::Half, float, at::CUDAGeneratorImpl*, at::native::templates::cuda::normal_kernel<at::CUDAGeneratorImpl*>(at::TensorBase const&, double, double, at::CUDAGeneratorImpl*)::{lambda()#1}::operator()() const::{lambda()#3}::operator()() const::{lambda(float)#1}>(at::TensorIteratorBase&, at::CUDAGeneratorImpl*, at::native::templates::cuda::normal_kernel<at::CUDAGeneratorImpl*>(at::TensorBase const&, double, double, at::CUDAGeneratorImpl*)::{lambda()#1}::operator()() const::{lambda()#3}::operator()() const::{lambda(float)#1})::{lambda(hiprandStatePhilox4_32_10*)#2} const&, at::native::templates::cuda::normal_kernel<at::CUDAGeneratorImpl*>(at::TensorBase const&, double, double, at::CUDAGeneratorImpl*)::{lambda()#1}::operator()() const::{lambda()#3}::operator()() const::{lambda(float)#1})::{lambda(int, float)#1})",25,2173451751780299,2173451751821954,0,0,256,1,1,622592,1,1
"KERNEL_DISPATCH",5,3,1114434,26,24,"void at::native::(anonymous namespace)::distribution_elementwise_grid_stride_kernel<float, 4, at::native::templates::cuda::normal_and_transform<c10::Half, float, at::CUDAGeneratorImpl*, at::native::templates::cuda::normal_kernel<at::CUDAGeneratorImpl*>(at::TensorBase const&, double, double, at::CUDAGeneratorImpl*)::{lambda()#1}::operator()() const::{lambda()#3}::operator()() const::{lambda(float)#1}>(at::TensorIteratorBase&, at::CUDAGeneratorImpl*, at::native::templates::cuda::normal_kernel<at::CUDAGeneratorImpl*>(at::TensorBase const&, double, double, at::CUDAGeneratorImpl*)::{lambda()#1}::operator()() const::{lambda()#3}::operator()() const::{lambda(float)#1})::{lambda(hiprandStatePhilox4_32_10*)#2}, at::native::(anonymous namespace)::distribution_nullary_kernel<c10::Half, float, HIP_vector_type<float, 4u>, at::CUDAGeneratorImpl*, at::native::templates::cuda::normal_and_transform<c10::Half, float, at::CUDAGeneratorImpl*, at::native::templates::cuda::normal_kernel<at::CUDAGeneratorImpl*>(at::TensorBase const&, double, double, at::CUDAGeneratorImpl*)::{lambda()#1}::operator()() const::{lambda()#3}::operator()() const::{lambda(float)#1}>(at::TensorIteratorBase&, at::CUDAGeneratorImpl*, at::native::templates::cuda::normal_kernel<at::CUDAGeneratorImpl*>(at::TensorBase const&, double, double, at::CUDAGeneratorImpl*)::{lambda()#1}::operator()() const::{lambda()#3}::operator()() const::{lambda(float)#1})::{lambda(hiprandStatePhilox4_32_10*)#2}, at::native::templates::cuda::normal_kernel<at::CUDAGeneratorImpl*>(at::TensorBase const&, double, double, at::CUDAGeneratorImpl*)::{lambda()#1}::operator()() const::{lambda()#3}::operator()() const::{lambda(float)#1}>(at::TensorIteratorBase&, at::CUDAGeneratorImpl*, at::native::templates::cuda::normal_and_transform<c10::Half, float, at::CUDAGeneratorImpl*, at::native::templates::cuda::normal_kernel<at::CUDAGeneratorImpl*>(at::TensorBase const&, double, double, at::CUDAGeneratorImpl*)::{lambda()#1}::operator()() const::{lambda()#3}::operator()() const::{lambda(float)#1}>(at::TensorIteratorBase&, at::CUDAGeneratorImpl*, at::native::templates::cuda::normal_kernel<at::CUDAGeneratorImpl*>(at::TensorBase const&, double, double, at::CUDAGeneratorImpl*)::{lambda()#1}::operator()() const::{lambda()#3}::operator()() const::{lambda(float)#1})::{lambda(hiprandStatePhilox4_32_10*)#2} const&, at::native::templates::cuda::normal_kernel<at::CUDAGeneratorImpl*>(at::TensorBase const&, double, double, at::CUDAGeneratorImpl*)::{lambda()#1}::operator()() const::{lambda()#3}::operator()() const::{lambda(float)#1})::{lambda(int, float)#1}>(long, at::PhiloxCudaState, at::native::templates::cuda::normal_and_transform<c10::Half, float, at::CUDAGeneratorImpl*, at::native::templates::cuda::normal_kernel<at::CUDAGeneratorImpl*>(at::TensorBase const&, double, double, at::CUDAGeneratorImpl*)::{lambda()#1}::operator()() const::{lambda()#3}::operator()() const::{lambda(float)#1}>(at::TensorIteratorBase&, at::CUDAGeneratorImpl*, at::native::templates::cuda::normal_kernel<at::CUDAGeneratorImpl*>(at::TensorBase const&, double, double, at::CUDAGeneratorImpl*)::{lambda()#1}::operator()() const::{lambda()#3}::operator()() const::{lambda(float)#1})::{lambda(hiprandStatePhilox4_32_10*)#2}, at::native::(anonymous namespace)::distribution_nullary_kernel<c10::Half, float, HIP_vector_type<float, 4u>, at::CUDAGeneratorImpl*, at::native::templates::cuda::normal_and_transform<c10::Half, float, at::CUDAGeneratorImpl*, at::native::templates::cuda::normal_kernel<at::CUDAGeneratorImpl*>(at::TensorBase const&, double, double, at::CUDAGeneratorImpl*)::{lambda()#1}::operator()() const::{lambda()#3}::operator()() const::{lambda(float)#1}>(at::TensorIteratorBase&, at::CUDAGeneratorImpl*, at::native::templates::cuda::normal_kernel<at::CUDAGeneratorImpl*>(at::TensorBase const&, double, double, at::CUDAGeneratorImpl*)::{lambda()#1}::operator()() const::{lambda()#3}::operator()() const::{lambda(float)#1})::{lambda(hiprandStatePhilox4_32_10*)#2}, at::native::templates::cuda::normal_kernel<at::CUDAGeneratorImpl*>(at::TensorBase const&, double, double, at::CUDAGeneratorImpl*)::{lambda()#1}::operator()() const::{lambda()#3}::operator()() const::{lambda(float)#1}>(at::TensorIteratorBase&, at::CUDAGeneratorImpl*, at::native::templates::cuda::normal_and_transform<c10::Half, float, at::CUDAGeneratorImpl*, at::native::templates::cuda::normal_kernel<at::CUDAGeneratorImpl*>(at::TensorBase const&, double, double, at::CUDAGeneratorImpl*)::{lambda()#1}::operator()() const::{lambda()#3}::operator()() const::{lambda(float)#1}>(at::TensorIteratorBase&, at::CUDAGeneratorImpl*, at::native::templates::cuda::normal_kernel<at::CUDAGeneratorImpl*>(at::TensorBase const&, double, double, at::CUDAGeneratorImpl*)::{lambda()#1}::operator()() const::{lambda()#3}::operator()() const::{lambda(float)#1})::{lambda(hiprandStatePhilox4_32_10*)#2} const&, at::native::templates::cuda::normal_kernel<at::CUDAGeneratorImpl*>(at::TensorBase const&, double, double, at::CUDAGeneratorImpl*)::{lambda()#1}::operator()() const::{lambda()#3}::operator()() const::{lambda(float)#1})::{lambda(int, float)#1})",26,2173451751821954,2173451751826926,0,0,256,1,1,131072,1,1
"KERNEL_DISPATCH",5,3,1114434,27,24,"void at::native::(anonymous namespace)::distribution_elementwise_grid_stride_kernel<float, 4, at::native::templates::cuda::normal_and_transform<c10::Half, float, at::CUDAGeneratorImpl*, at::native::templates::cuda::normal_kernel<at::CUDAGeneratorImpl*>(at::TensorBase const&, double, double, at::CUDAGeneratorImpl*)::{lambda()#1}::operator()() const::{lambda()#3}::operator()() const::{lambda(float)#1}>(at::TensorIteratorBase&, at::CUDAGeneratorImpl*, at::native::templates::cuda::normal_kernel<at::CUDAGeneratorImpl*>(at::TensorBase const&, double, double, at::CUDAGeneratorImpl*)::{lambda()#1}::operator()() const::{lambda()#3}::operator()() const::{lambda(float)#1})::{lambda(hiprandStatePhilox4_32_10*)#2}, at::native::(anonymous namespace)::distribution_nullary_kernel<c10::Half, float, HIP_vector_type<float, 4u>, at::CUDAGeneratorImpl*, at::native::templates::cuda::normal_and_transform<c10::Half, float, at::CUDAGeneratorImpl*, at::native::templates::cuda::normal_kernel<at::CUDAGeneratorImpl*>(at::TensorBase const&, double, double, at::CUDAGeneratorImpl*)::{lambda()#1}::operator()() const::{lambda()#3}::operator()() const::{lambda(float)#1}>(at::TensorIteratorBase&, at::CUDAGeneratorImpl*, at::native::templates::cuda::normal_kernel<at::CUDAGeneratorImpl*>(at::TensorBase const&, double, double, at::CUDAGeneratorImpl*)::{lambda()#1}::operator()() const::{lambda()#3}::operator()() const::{lambda(float)#1})::{lambda(hiprandStatePhilox4_32_10*)#2}, at::native::templates::cuda::normal_kernel<at::CUDAGeneratorImpl*>(at::TensorBase const&, double, double, at::CUDAGeneratorImpl*)::{lambda()#1}::operator()() const::{lambda()#3}::operator()() const::{lambda(float)#1}>(at::TensorIteratorBase&, at::CUDAGeneratorImpl*, at::native::templates::cuda::normal_and_transform<c10::Half, float, at::CUDAGeneratorImpl*, at::native::templates::cuda::normal_kernel<at::CUDAGeneratorImpl*>(at::TensorBase const&, double, double, at::CUDAGeneratorImpl*)::{lambda()#1}::operator()() const::{lambda()#3}::operator()() const::{lambda(float)#1}>(at::TensorIteratorBase&, at::CUDAGeneratorImpl*, at::native::templates::cuda::normal_kernel<at::CUDAGeneratorImpl*>(at::TensorBase const&, double, double, at::CUDAGeneratorImpl*)::{lambda()#1}::operator()() const::{lambda()#3}::operator()() const::{lambda(float)#1})::{lambda(hiprandStatePhilox4_32_10*)#2} const&, at::native::templates::cuda::normal_kernel<at::CUDAGeneratorImpl*>(at::TensorBase const&, double, double, at::CUDAGeneratorImpl*)::{lambda()#1}::operator()() const::{lambda()#3}::operator()() const::{lambda(float)#1})::{lambda(int, float)#1}>(long, at::PhiloxCudaState, at::native::templates::cuda::normal_and_transform<c10::Half, float, at::CUDAGeneratorImpl*, at::native::templates::cuda::normal_kernel<at::CUDAGeneratorImpl*>(at::TensorBase const&, double, double, at::CUDAGeneratorImpl*)::{lambda()#1}::operator()() const::{lambda()#3}::operator()() const::{lambda(float)#1}>(at::TensorIteratorBase&, at::CUDAGeneratorImpl*, at::native::templates::cuda::normal_kernel<at::CUDAGeneratorImpl*>(at::TensorBase const&, double, double, at::CUDAGeneratorImpl*)::{lambda()#1}::operator()() const::{lambda()#3}::operator()() const::{lambda(float)#1})::{lambda(hiprandStatePhilox4_32_10*)#2}, at::native::(anonymous namespace)::distribution_nullary_kernel<c10::Half, float, HIP_vector_type<float, 4u>, at::CUDAGeneratorImpl*, at::native::templates::cuda::normal_and_transform<c10::Half, float, at::CUDAGeneratorImpl*, at::native::templates::cuda::normal_kernel<at::CUDAGeneratorImpl*>(at::TensorBase const&, double, double, at::CUDAGeneratorImpl*)::{lambda()#1}::operator()() const::{lambda()#3}::operator()() const::{lambda(float)#1}>(at::TensorIteratorBase&, at::CUDAGeneratorImpl*, at::native::templates::cuda::normal_kernel<at::CUDAGeneratorImpl*>(at::TensorBase const&, double, double, at::CUDAGeneratorImpl*)::{lambda()#1}::operator()() const::{lambda()#3}::operator()() const::{lambda(float)#1})::{lambda(hiprandStatePhilox4_32_10*)#2}, at::native::templates::cuda::normal_kernel<at::CUDAGeneratorImpl*>(at::TensorBase const&, double, double, at::CUDAGeneratorImpl*)::{lambda()#1}::operator()() const::{lambda()#3}::operator()() const::{lambda(float)#1}>(at::TensorIteratorBase&, at::CUDAGeneratorImpl*, at::native::templates::cuda::normal_and_transform<c10::Half, float, at::CUDAGeneratorImpl*, at::native::templates::cuda::normal_kernel<at::CUDAGeneratorImpl*>(at::TensorBase const&, double, double, at::CUDAGeneratorImpl*)::{lambda()#1}::operator()() const::{lambda()#3}::operator()() const::{lambda(float)#1}>(at::TensorIteratorBase&, at::CUDAGeneratorImpl*, at::native::templates::cuda::normal_kernel<at::CUDAGeneratorImpl*>(at::TensorBase const&, double, double, at::CUDAGeneratorImpl*)::{lambda()#1}::operator()() const::{lambda()#3}::operator()() const::{lambda(float)#1})::{lambda(hiprandStatePhilox4_32_10*)#2} const&, at::native::templates::cuda::normal_kernel<at::CUDAGeneratorImpl*>(at::TensorBase const&, double, double, at::CUDAGeneratorImpl*)::{lambda()#1}::operator()() const::{lambda()#3}::operator()() const::{lambda(float)#1})::{lambda(int, float)#1})",27,2173451751826926,2173451751831897,0,0,256,1,1,131072,1,1
"KERNEL_DISPATCH",5,3,1114434,28,24,"void at::native::(anonymous namespace)::distribution_elementwise_grid_stride_kernel<float, 4, at::native::templates::cuda::normal_and_transform<c10::Half, float, at::CUDAGeneratorImpl*, at::native::templates::cuda::normal_kernel<at::CUDAGeneratorImpl*>(at::TensorBase const&, double, double, at::CUDAGeneratorImpl*)::{lambda()#1}::operator()() const::{lambda()#3}::operator()() const::{lambda(float)#1}>(at::TensorIteratorBase&, at::CUDAGeneratorImpl*, at::native::templates::cuda::normal_kernel<at::CUDAGeneratorImpl*>(at::TensorBase const&, double, double, at::CUDAGeneratorImpl*)::{lambda()#1}::operator()() const::{lambda()#3}::operator()() const::{lambda(float)#1})::{lambda(hiprandStatePhilox4_32_10*)#2}, at::native::(anonymous namespace)::distribution_nullary_kernel<c10::Half, float, HIP_vector_type<float, 4u>, at::CUDAGeneratorImpl*, at::native::templates::cuda::normal_and_transform<c10::Half, float, at::CUDAGeneratorImpl*, at::native::templates::cuda::normal_kernel<at::CUDAGeneratorImpl*>(at::TensorBase const&, double, double, at::CUDAGeneratorImpl*)::{lambda()#1}::operator()() const::{lambda()#3}::operator()() const::{lambda(float)#1}>(at::TensorIteratorBase&, at::CUDAGeneratorImpl*, at::native::templates::cuda::normal_kernel<at::CUDAGeneratorImpl*>(at::TensorBase const&, double, double, at::CUDAGeneratorImpl*)::{lambda()#1}::operator()() const::{lambda()#3}::operator()() const::{lambda(float)#1})::{lambda(hiprandStatePhilox4_32_10*)#2}, at::native::templates::cuda::normal_kernel<at::CUDAGeneratorImpl*>(at::TensorBase const&, double, double, at::CUDAGeneratorImpl*)::{lambda()#1}::operator()() const::{lambda()#3}::operator()() const::{lambda(float)#1}>(at::TensorIteratorBase&, at::CUDAGeneratorImpl*, at::native::templates::cuda::normal_and_transform<c10::Half, float, at::CUDAGeneratorImpl*, at::native::templates::cuda::normal_kernel<at::CUDAGeneratorImpl*>(at::TensorBase const&, double, double, at::CUDAGeneratorImpl*)::{lambda()#1}::operator()() const::{lambda()#3}::operator()() const::{lambda(float)#1}>(at::TensorIteratorBase&, at::CUDAGeneratorImpl*, at::native::templates::cuda::normal_kernel<at::CUDAGeneratorImpl*>(at::TensorBase const&, double, double, at::CUDAGeneratorImpl*)::{lambda()#1}::operator()() const::{lambda()#3}::operator()() const::{lambda(float)#1})::{lambda(hiprandStatePhilox4_32_10*)#2} const&, at::native::templates::cuda::normal_kernel<at::CUDAGeneratorImpl*>(at::TensorBase const&, double, double, at::CUDAGeneratorImpl*)::{lambda()#1}::operator()() const::{lambda()#3}::operator()() const::{lambda(float)#1})::{lambda(int, float)#1}>(long, at::PhiloxCudaState, at::native::templates::cuda::normal_and_transform<c10::Half, float, at::CUDAGeneratorImpl*, at::native::templates::cuda::normal_kernel<at::CUDAGeneratorImpl*>(at::TensorBase const&, double, double, at::CUDAGeneratorImpl*)::{lambda()#1}::operator()() const::{lambda()#3}::operator()() const::{lambda(float)#1}>(at::TensorIteratorBase&, at::CUDAGeneratorImpl*, at::native::templates::cuda::normal_kernel<at::CUDAGeneratorImpl*>(at::TensorBase const&, double, double, at::CUDAGeneratorImpl*)::{lambda()#1}::operator()() const::{lambda()#3}::operator()() const::{lambda(float)#1})::{lambda(hiprandStatePhilox4_32_10*)#2}, at::native::(anonymous namespace)::distribution_nullary_kernel<c10::Half, float, HIP_vector_type<float, 4u>, at::CUDAGeneratorImpl*, at::native::templates::cuda::normal_and_transform<c10::Half, float, at::CUDAGeneratorImpl*, at::native::templates::cuda::normal_kernel<at::CUDAGeneratorImpl*>(at::TensorBase const&, double, double, at::CUDAGeneratorImpl*)::{lambda()#1}::operator()() const::{lambda()#3}::operator()() const::{lambda(float)#1}>(at::TensorIteratorBase&, at::CUDAGeneratorImpl*, at::native::templates::cuda::normal_kernel<at::CUDAGeneratorImpl*>(at::TensorBase const&, double, double, at::CUDAGeneratorImpl*)::{lambda()#1}::operator()() const::{lambda()#3}::operator()() const::{lambda(float)#1})::{lambda(hiprandStatePhilox4_32_10*)#2}, at::native::templates::cuda::normal_kernel<at::CUDAGeneratorImpl*>(at::TensorBase const&, double, double, at::CUDAGeneratorImpl*)::{lambda()#1}::operator()() const::{lambda()#3}::operator()() const::{lambda(float)#1}>(at::TensorIteratorBase&, at::CUDAGeneratorImpl*, at::native::templates::cuda::normal_and_transform<c10::Half, float, at::CUDAGeneratorImpl*, at::native::templates::cuda::normal_kernel<at::CUDAGeneratorImpl*>(at::TensorBase const&, double, double, at::CUDAGeneratorImpl*)::{lambda()#1}::operator()() const::{lambda()#3}::operator()() const::{lambda(float)#1}>(at::TensorIteratorBase&, at::CUDAGeneratorImpl*, at::native::templates::cuda::normal_kernel<at::CUDAGeneratorImpl*>(at::TensorBase const&, double, double, at::CUDAGeneratorImpl*)::{lambda()#1}::operator()() const::{lambda()#3}::operator()() const::{lambda(float)#1})::{lambda(hiprandStatePhilox4_32_10*)#2} const&, at::native::templates::cuda::normal_kernel<at::CUDAGeneratorImpl*>(at::TensorBase const&, double, double, at::CUDAGeneratorImpl*)::{lambda()#1}::operator()() const::{lambda()#3}::operator()() const::{lambda(float)#1})::{lambda(int, float)#1})",28,2173451751831897,2173451751837229,0,0,256,1,1,131072,1,1
"KERNEL_DISPATCH",5,3,1114434,29,24,"void at::native::(anonymous namespace)::distribution_elementwise_grid_stride_kernel<float, 4, at::native::templates::cuda::normal_and_transform<c10::Half, float, at::CUDAGeneratorImpl*, at::native::templates::cuda::normal_kernel<at::CUDAGeneratorImpl*>(at::TensorBase const&, double, double, at::CUDAGeneratorImpl*)::{lambda()#1}::operator()() const::{lambda()#3}::operator()() const::{lambda(float)#1}>(at::TensorIteratorBase&, at::CUDAGeneratorImpl*, at::native::templates::cuda::normal_kernel<at::CUDAGeneratorImpl*>(at::TensorBase const&, double, double, at::CUDAGeneratorImpl*)::{lambda()#1}::operator()() const::{lambda()#3}::operator()() const::{lambda(float)#1})::{lambda(hiprandStatePhilox4_32_10*)#2}, at::native::(anonymous namespace)::distribution_nullary_kernel<c10::Half, float, HIP_vector_type<float, 4u>, at::CUDAGeneratorImpl*, at::native::templates::cuda::normal_and_transform<c10::Half, float, at::CUDAGeneratorImpl*, at::native::templates::cuda::normal_kernel<at::CUDAGeneratorImpl*>(at::TensorBase const&, double, double, at::CUDAGeneratorImpl*)::{lambda()#1}::operator()() const::{lambda()#3}::operator()() const::{lambda(float)#1}>(at::TensorIteratorBase&, at::CUDAGeneratorImpl*, at::native::templates::cuda::normal_kernel<at::CUDAGeneratorImpl*>(at::TensorBase const&, double, double, at::CUDAGeneratorImpl*)::{lambda()#1}::operator()() const::{lambda()#3}::operator()() const::{lambda(float)#1})::{lambda(hiprandStatePhilox4_32_10*)#2}, at::native::templates::cuda::normal_kernel<at::CUDAGeneratorImpl*>(at::TensorBase const&, double, double, at::CUDAGeneratorImpl*)::{lambda()#1}::operator()() const::{lambda()#3}::operator()() const::{lambda(float)#1}>(at::TensorIteratorBase&, at::CUDAGeneratorImpl*, at::native::templates::cuda::normal_and_transform<c10::Half, float, at::CUDAGeneratorImpl*, at::native::templates::cuda::normal_kernel<at::CUDAGeneratorImpl*>(at::TensorBase const&, double, double, at::CUDAGeneratorImpl*)::{lambda()#1}::operator()() const::{lambda()#3}::operator()() const::{lambda(float)#1}>(at::TensorIteratorBase&, at::CUDAGeneratorImpl*, at::native::templates::cuda::normal_kernel<at::CUDAGeneratorImpl*>(at::TensorBase const&, double, double, at::CUDAGeneratorImpl*)::{lambda()#1}::operator()() const::{lambda()#3}::operator()() const::{lambda(float)#1})::{lambda(hiprandStatePhilox4_32_10*)#2} const&, at::native::templates::cuda::normal_kernel<at::CUDAGeneratorImpl*>(at::TensorBase const&, double, double, at::CUDAGeneratorImpl*)::{lambda()#1}::operator()() const::{lambda()#3}::operator()() const::{lambda(float)#1})::{lambda(int, float)#1}>(long, at::PhiloxCudaState, at::native::templates::cuda::normal_and_transform<c10::Half, float, at::CUDAGeneratorImpl*, at::native::templates::cuda::normal_kernel<at::CUDAGeneratorImpl*>(at::TensorBase const&, double, double, at::CUDAGeneratorImpl*)::{lambda()#1}::operator()() const::{lambda()#3}::operator()() const::{lambda(float)#1}>(at::TensorIteratorBase&, at::CUDAGeneratorImpl*, at::native::templates::cuda::normal_kernel<at::CUDAGeneratorImpl*>(at::TensorBase const&, double, double, at::CUDAGeneratorImpl*)::{lambda()#1}::operator()() const::{lambda()#3}::operator()() const::{lambda(float)#1})::{lambda(hiprandStatePhilox4_32_10*)#2}, at::native::(anonymous namespace)::distribution_nullary_kernel<c10::Half, float, HIP_vector_type<float, 4u>, at::CUDAGeneratorImpl*, at::native::templates::cuda::normal_and_transform<c10::Half, float, at::CUDAGeneratorImpl*, at::native::templates::cuda::normal_kernel<at::CUDAGeneratorImpl*>(at::TensorBase const&, double, double, at::CUDAGeneratorImpl*)::{lambda()#1}::operator()() const::{lambda()#3}::operator()() const::{lambda(float)#1}>(at::TensorIteratorBase&, at::CUDAGeneratorImpl*, at::native::templates::cuda::normal_kernel<at::CUDAGeneratorImpl*>(at::TensorBase const&, double, double, at::CUDAGeneratorImpl*)::{lambda()#1}::operator()() const::{lambda()#3}::operator()() const::{lambda(float)#1})::{lambda(hiprandStatePhilox4_32_10*)#2}, at::native::templates::cuda::normal_kernel<at::CUDAGeneratorImpl*>(at::TensorBase const&, double, double, at::CUDAGeneratorImpl*)::{lambda()#1}::operator()() const::{lambda()#3}::operator()() const::{lambda(float)#1}>(at::TensorIteratorBase&, at::CUDAGeneratorImpl*, at::native::templates::cuda::normal_and_transform<c10::Half, float, at::CUDAGeneratorImpl*, at::native::templates::cuda::normal_kernel<at::CUDAGeneratorImpl*>(at::TensorBase const&, double, double, at::CUDAGeneratorImpl*)::{lambda()#1}::operator()() const::{lambda()#3}::operator()() const::{lambda(float)#1}>(at::TensorIteratorBase&, at::CUDAGeneratorImpl*, at::native::templates::cuda::normal_kernel<at::CUDAGeneratorImpl*>(at::TensorBase const&, double, double, at::CUDAGeneratorImpl*)::{lambda()#1}::operator()() const::{lambda()#3}::operator()() const::{lambda(float)#1})::{lambda(hiprandStatePhilox4_32_10*)#2} const&, at::native::templates::cuda::normal_kernel<at::CUDAGeneratorImpl*>(at::TensorBase const&, double, double, at::CUDAGeneratorImpl*)::{lambda()#1}::operator()() const::{lambda()#3}::operator()() const::{lambda(float)#1})::{lambda(int, float)#1})",29,2173451751837229,2173451751879045,0,0,256,1,1,622592,1,1
"KERNEL_DISPATCH",5,3,1114434,30,24,"void at::native::(anonymous namespace)::distribution_elementwise_grid_stride_kernel<float, 4, at::native::templates::cuda::normal_and_transform<c10::Half, float, at::CUDAGeneratorImpl*, at::native::templates::cuda::normal_kernel<at::CUDAGeneratorImpl*>(at::TensorBase const&, double, double, at::CUDAGeneratorImpl*)::{lambda()#1}::operator()() const::{lambda()#3}::operator()() const::{lambda(float)#1}>(at::TensorIteratorBase&, at::CUDAGeneratorImpl*, at::native::templates::cuda::normal_kernel<at::CUDAGeneratorImpl*>(at::TensorBase const&, double, double, at::CUDAGeneratorImpl*)::{lambda()#1}::operator()() const::{lambda()#3}::operator()() const::{lambda(float)#1})::{lambda(hiprandStatePhilox4_32_10*)#2}, at::native::(anonymous namespace)::distribution_nullary_kernel<c10::Half, float, HIP_vector_type<float, 4u>, at::CUDAGeneratorImpl*, at::native::templates::cuda::normal_and_transform<c10::Half, float, at::CUDAGeneratorImpl*, at::native::templates::cuda::normal_kernel<at::CUDAGeneratorImpl*>(at::TensorBase const&, double, double, at::CUDAGeneratorImpl*)::{lambda()#1}::operator()() const::{lambda()#3}::operator()() const::{lambda(float)#1}>(at::TensorIteratorBase&, at::CUDAGeneratorImpl*, at::native::templates::cuda::normal_kernel<at::CUDAGeneratorImpl*>(at::TensorBase const&, double, double, at::CUDAGeneratorImpl*)::{lambda()#1}::operator()() const::{lambda()#3}::operator()() const::{lambda(float)#1})::{lambda(hiprandStatePhilox4_32_10*)#2}, at::native::templates::cuda::normal_kernel<at::CUDAGeneratorImpl*>(at::TensorBase const&, double, double, at::CUDAGeneratorImpl*)::{lambda()#1}::operator()() const::{lambda()#3}::operator()() const::{lambda(float)#1}>(at::TensorIteratorBase&, at::CUDAGeneratorImpl*, at::native::templates::cuda::normal_and_transform<c10::Half, float, at::CUDAGeneratorImpl*, at::native::templates::cuda::normal_kernel<at::CUDAGeneratorImpl*>(at::TensorBase const&, double, double, at::CUDAGeneratorImpl*)::{lambda()#1}::operator()() const::{lambda()#3}::operator()() const::{lambda(float)#1}>(at::TensorIteratorBase&, at::CUDAGeneratorImpl*, at::native::templates::cuda::normal_kernel<at::CUDAGeneratorImpl*>(at::TensorBase const&, double, double, at::CUDAGeneratorImpl*)::{lambda()#1}::operator()() const::{lambda()#3}::operator()() const::{lambda(float)#1})::{lambda(hiprandStatePhilox4_32_10*)#2} const&, at::native::templates::cuda::normal_kernel<at::CUDAGeneratorImpl*>(at::TensorBase const&, double, double, at::CUDAGeneratorImpl*)::{lambda()#1}::operator()() const::{lambda()#3}::operator()() const::{lambda(float)#1})::{lambda(int, float)#1}>(long, at::PhiloxCudaState, at::native::templates::cuda::normal_and_transform<c10::Half, float, at::CUDAGeneratorImpl*, at::native::templates::cuda::normal_kernel<at::CUDAGeneratorImpl*>(at::TensorBase const&, double, double, at::CUDAGeneratorImpl*)::{lambda()#1}::operator()() const::{lambda()#3}::operator()() const::{lambda(float)#1}>(at::TensorIteratorBase&, at::CUDAGeneratorImpl*, at::native::templates::cuda::normal_kernel<at::CUDAGeneratorImpl*>(at::TensorBase const&, double, double, at::CUDAGeneratorImpl*)::{lambda()#1}::operator()() const::{lambda()#3}::operator()() const::{lambda(float)#1})::{lambda(hiprandStatePhilox4_32_10*)#2}, at::native::(anonymous namespace)::distribution_nullary_kernel<c10::Half, float, HIP_vector_type<float, 4u>, at::CUDAGeneratorImpl*, at::native::templates::cuda::normal_and_transform<c10::Half, float, at::CUDAGeneratorImpl*, at::native::templates::cuda::normal_kernel<at::CUDAGeneratorImpl*>(at::TensorBase const&, double, double, at::CUDAGeneratorImpl*)::{lambda()#1}::operator()() const::{lambda()#3}::operator()() const::{lambda(float)#1}>(at::TensorIteratorBase&, at::CUDAGeneratorImpl*, at::native::templates::cuda::normal_kernel<at::CUDAGeneratorImpl*>(at::TensorBase const&, double, double, at::CUDAGeneratorImpl*)::{lambda()#1}::operator()() const::{lambda()#3}::operator()() const::{lambda(float)#1})::{lambda(hiprandStatePhilox4_32_10*)#2}, at::native::templates::cuda::normal_kernel<at::CUDAGeneratorImpl*>(at::TensorBase const&, double, double, at::CUDAGeneratorImpl*)::{lambda()#1}::operator()() const::{lambda()#3}::operator()() const::{lambda(float)#1}>(at::TensorIteratorBase&, at::CUDAGeneratorImpl*, at::native::templates::cuda::normal_and_transform<c10::Half, float, at::CUDAGeneratorImpl*, at::native::templates::cuda::normal_kernel<at::CUDAGeneratorImpl*>(at::TensorBase const&, double, double, at::CUDAGeneratorImpl*)::{lambda()#1}::operator()() const::{lambda()#3}::operator()() const::{lambda(float)#1}>(at::TensorIteratorBase&, at::CUDAGeneratorImpl*, at::native::templates::cuda::normal_kernel<at::CUDAGeneratorImpl*>(at::TensorBase const&, double, double, at::CUDAGeneratorImpl*)::{lambda()#1}::operator()() const::{lambda()#3}::operator()() const::{lambda(float)#1})::{lambda(hiprandStatePhilox4_32_10*)#2} const&, at::native::templates::cuda::normal_kernel<at::CUDAGeneratorImpl*>(at::TensorBase const&, double, double, at::CUDAGeneratorImpl*)::{lambda()#1}::operator()() const::{lambda()#3}::operator()() const::{lambda(float)#1})::{lambda(int, float)#1})",30,2173451751879045,2173451751920620,0,0,256,1,1,622592,1,1
"KERNEL_DISPATCH",5,3,1114434,31,24,"void at::native::(anonymous namespace)::distribution_elementwise_grid_stride_kernel<float, 4, at::native::templates::cuda::normal_and_transform<c10::Half, float, at::CUDAGeneratorImpl*, at::native::templates::cuda::normal_kernel<at::CUDAGeneratorImpl*>(at::TensorBase const&, double, double, at::CUDAGeneratorImpl*)::{lambda()#1}::operator()() const::{lambda()#3}::operator()() const::{lambda(float)#1}>(at::TensorIteratorBase&, at::CUDAGeneratorImpl*, at::native::templates::cuda::normal_kernel<at::CUDAGeneratorImpl*>(at::TensorBase const&, double, double, at::CUDAGeneratorImpl*)::{lambda()#1}::operator()() const::{lambda()#3}::operator()() const::{lambda(float)#1})::{lambda(hiprandStatePhilox4_32_10*)#2}, at::native::(anonymous namespace)::distribution_nullary_kernel<c10::Half, float, HIP_vector_type<float, 4u>, at::CUDAGeneratorImpl*, at::native::templates::cuda::normal_and_transform<c10::Half, float, at::CUDAGeneratorImpl*, at::native::templates::cuda::normal_kernel<at::CUDAGeneratorImpl*>(at::TensorBase const&, double, double, at::CUDAGeneratorImpl*)::{lambda()#1}::operator()() const::{lambda()#3}::operator()() const::{lambda(float)#1}>(at::TensorIteratorBase&, at::CUDAGeneratorImpl*, at::native::templates::cuda::normal_kernel<at::CUDAGeneratorImpl*>(at::TensorBase const&, double, double, at::CUDAGeneratorImpl*)::{lambda()#1}::operator()() const::{lambda()#3}::operator()() const::{lambda(float)#1})::{lambda(hiprandStatePhilox4_32_10*)#2}, at::native::templates::cuda::normal_kernel<at::CUDAGeneratorImpl*>(at::TensorBase const&, double, double, at::CUDAGeneratorImpl*)::{lambda()#1}::operator()() const::{lambda()#3}::operator()() const::{lambda(float)#1}>(at::TensorIteratorBase&, at::CUDAGeneratorImpl*, at::native::templates::cuda::normal_and_transform<c10::Half, float, at::CUDAGeneratorImpl*, at::native::templates::cuda::normal_kernel<at::CUDAGeneratorImpl*>(at::TensorBase const&, double, double, at::CUDAGeneratorImpl*)::{lambda()#1}::operator()() const::{lambda()#3}::operator()() const::{lambda(float)#1}>(at::TensorIteratorBase&, at::CUDAGeneratorImpl*, at::native::templates::cuda::normal_kernel<at::CUDAGeneratorImpl*>(at::TensorBase const&, double, double, at::CUDAGeneratorImpl*)::{lambda()#1}::operator()() const::{lambda()#3}::operator()() const::{lambda(float)#1})::{lambda(hiprandStatePhilox4_32_10*)#2} const&, at::native::templates::cuda::normal_kernel<at::CUDAGeneratorImpl*>(at::TensorBase const&, double, double, at::CUDAGeneratorImpl*)::{lambda()#1}::operator()() const::{lambda()#3}::operator()() const::{lambda(float)#1})::{lambda(int, float)#1}>(long, at::PhiloxCudaState, at::native::templates::cuda::normal_and_transform<c10::Half, float, at::CUDAGeneratorImpl*, at::native::templates::cuda::normal_kernel<at::CUDAGeneratorImpl*>(at::TensorBase const&, double, double, at::CUDAGeneratorImpl*)::{lambda()#1}::operator()() const::{lambda()#3}::operator()() const::{lambda(float)#1}>(at::TensorIteratorBase&, at::CUDAGeneratorImpl*, at::native::templates::cuda::normal_kernel<at::CUDAGeneratorImpl*>(at::TensorBase const&, double, double, at::CUDAGeneratorImpl*)::{lambda()#1}::operator()() const::{lambda()#3}::operator()() const::{lambda(float)#1})::{lambda(hiprandStatePhilox4_32_10*)#2}, at::native::(anonymous namespace)::distribution_nullary_kernel<c10::Half, float, HIP_vector_type<float, 4u>, at::CUDAGeneratorImpl*, at::native::templates::cuda::normal_and_transform<c10::Half, float, at::CUDAGeneratorImpl*, at::native::templates::cuda::normal_kernel<at::CUDAGeneratorImpl*>(at::TensorBase const&, double, double, at::CUDAGeneratorImpl*)::{lambda()#1}::operator()() const::{lambda()#3}::operator()() const::{lambda(float)#1}>(at::TensorIteratorBase&, at::CUDAGeneratorImpl*, at::native::templates::cuda::normal_kernel<at::CUDAGeneratorImpl*>(at::TensorBase const&, double, double, at::CUDAGeneratorImpl*)::{lambda()#1}::operator()() const::{lambda()#3}::operator()() const::{lambda(float)#1})::{lambda(hiprandStatePhilox4_32_10*)#2}, at::native::templates::cuda::normal_kernel<at::CUDAGeneratorImpl*>(at::TensorBase const&, double, double, at::CUDAGeneratorImpl*)::{lambda()#1}::operator()() const::{lambda()#3}::operator()() const::{lambda(float)#1}>(at::TensorIteratorBase&, at::CUDAGeneratorImpl*, at::native::templates::cuda::normal_and_transform<c10::Half, float, at::CUDAGeneratorImpl*, at::native::templates::cuda::normal_kernel<at::CUDAGeneratorImpl*>(at::TensorBase const&, double, double, at::CUDAGeneratorImpl*)::{lambda()#1}::operator()() const::{lambda()#3}::operator()() const::{lambda(float)#1}>(at::TensorIteratorBase&, at::CUDAGeneratorImpl*, at::native::templates::cuda::normal_kernel<at::CUDAGeneratorImpl*>(at::TensorBase const&, double, double, at::CUDAGeneratorImpl*)::{lambda()#1}::operator()() const::{lambda()#3}::operator()() const::{lambda(float)#1})::{lambda(hiprandStatePhilox4_32_10*)#2} const&, at::native::templates::cuda::normal_kernel<at::CUDAGeneratorImpl*>(at::TensorBase const&, double, double, at::CUDAGeneratorImpl*)::{lambda()#1}::operator()() const::{lambda()#3}::operator()() const::{lambda(float)#1})::{lambda(int, float)#1})",31,2173451751920620,2173451751962115,0,0,256,1,1,622592,1,1
"KERNEL_DISPATCH",5,3,1114434,32,24,"void at::native::(anonymous namespace)::distribution_elementwise_grid_stride_kernel<float, 4, at::native::templates::cuda::normal_and_transform<c10::Half, float, at::CUDAGeneratorImpl*, at::native::templates::cuda::normal_kernel<at::CUDAGeneratorImpl*>(at::TensorBase const&, double, double, at::CUDAGeneratorImpl*)::{lambda()#1}::operator()() const::{lambda()#3}::operator()() const::{lambda(float)#1}>(at::TensorIteratorBase&, at::CUDAGeneratorImpl*, at::native::templates::cuda::normal_kernel<at::CUDAGeneratorImpl*>(at::TensorBase const&, double, double, at::CUDAGeneratorImpl*)::{lambda()#1}::operator()() const::{lambda()#3}::operator()() const::{lambda(float)#1})::{lambda(hiprandStatePhilox4_32_10*)#2}, at::native::(anonymous namespace)::distribution_nullary_kernel<c10::Half, float, HIP_vector_type<float, 4u>, at::CUDAGeneratorImpl*, at::native::templates::cuda::normal_and_transform<c10::Half, float, at::CUDAGeneratorImpl*, at::native::templates::cuda::normal_kernel<at::CUDAGeneratorImpl*>(at::TensorBase const&, double, double, at::CUDAGeneratorImpl*)::{lambda()#1}::operator()() const::{lambda()#3}::operator()() const::{lambda(float)#1}>(at::TensorIteratorBase&, at::CUDAGeneratorImpl*, at::native::templates::cuda::normal_kernel<at::CUDAGeneratorImpl*>(at::TensorBase const&, double, double, at::CUDAGeneratorImpl*)::{lambda()#1}::operator()() const::{lambda()#3}::operator()() const::{lambda(float)#1})::{lambda(hiprandStatePhilox4_32_10*)#2}, at::native::templates::cuda::normal_kernel<at::CUDAGeneratorImpl*>(at::TensorBase const&, double, double, at::CUDAGeneratorImpl*)::{lambda()#1}::operator()() const::{lambda()#3}::operator()() const::{lambda(float)#1}>(at::TensorIteratorBase&, at::CUDAGeneratorImpl*, at::native::templates::cuda::normal_and_transform<c10::Half, float, at::CUDAGeneratorImpl*, at::native::templates::cuda::normal_kernel<at::CUDAGeneratorImpl*>(at::TensorBase const&, double, double, at::CUDAGeneratorImpl*)::{lambda()#1}::operator()() const::{lambda()#3}::operator()() const::{lambda(float)#1}>(at::TensorIteratorBase&, at::CUDAGeneratorImpl*, at::native::templates::cuda::normal_kernel<at::CUDAGeneratorImpl*>(at::TensorBase const&, double, double, at::CUDAGeneratorImpl*)::{lambda()#1}::operator()() const::{lambda()#3}::operator()() const::{lambda(float)#1})::{lambda(hiprandStatePhilox4_32_10*)#2} const&, at::native::templates::cuda::normal_kernel<at::CUDAGeneratorImpl*>(at::TensorBase const&, double, double, at::CUDAGeneratorImpl*)::{lambda()#1}::operator()() const::{lambda()#3}::operator()() const::{lambda(float)#1})::{lambda(int, float)#1}>(long, at::PhiloxCudaState, at::native::templates::cuda::normal_and_transform<c10::Half, float, at::CUDAGeneratorImpl*, at::native::templates::cuda::normal_kernel<at::CUDAGeneratorImpl*>(at::TensorBase const&, double, double, at::CUDAGeneratorImpl*)::{lambda()#1}::operator()() const::{lambda()#3}::operator()() const::{lambda(float)#1}>(at::TensorIteratorBase&, at::CUDAGeneratorImpl*, at::native::templates::cuda::normal_kernel<at::CUDAGeneratorImpl*>(at::TensorBase const&, double, double, at::CUDAGeneratorImpl*)::{lambda()#1}::operator()() const::{lambda()#3}::operator()() const::{lambda(float)#1})::{lambda(hiprandStatePhilox4_32_10*)#2}, at::native::(anonymous namespace)::distribution_nullary_kernel<c10::Half, float, HIP_vector_type<float, 4u>, at::CUDAGeneratorImpl*, at::native::templates::cuda::normal_and_transform<c10::Half, float, at::CUDAGeneratorImpl*, at::native::templates::cuda::normal_kernel<at::CUDAGeneratorImpl*>(at::TensorBase const&, double, double, at::CUDAGeneratorImpl*)::{lambda()#1}::operator()() const::{lambda()#3}::operator()() const::{lambda(float)#1}>(at::TensorIteratorBase&, at::CUDAGeneratorImpl*, at::native::templates::cuda::normal_kernel<at::CUDAGeneratorImpl*>(at::TensorBase const&, double, double, at::CUDAGeneratorImpl*)::{lambda()#1}::operator()() const::{lambda()#3}::operator()() const::{lambda(float)#1})::{lambda(hiprandStatePhilox4_32_10*)#2}, at::native::templates::cuda::normal_kernel<at::CUDAGeneratorImpl*>(at::TensorBase const&, double, double, at::CUDAGeneratorImpl*)::{lambda()#1}::operator()() const::{lambda()#3}::operator()() const::{lambda(float)#1}>(at::TensorIteratorBase&, at::CUDAGeneratorImpl*, at::native::templates::cuda::normal_and_transform<c10::Half, float, at::CUDAGeneratorImpl*, at::native::templates::cuda::normal_kernel<at::CUDAGeneratorImpl*>(at::TensorBase const&, double, double, at::CUDAGeneratorImpl*)::{lambda()#1}::operator()() const::{lambda()#3}::operator()() const::{lambda(float)#1}>(at::TensorIteratorBase&, at::CUDAGeneratorImpl*, at::native::templates::cuda::normal_kernel<at::CUDAGeneratorImpl*>(at::TensorBase const&, double, double, at::CUDAGeneratorImpl*)::{lambda()#1}::operator()() const::{lambda()#3}::operator()() const::{lambda(float)#1})::{lambda(hiprandStatePhilox4_32_10*)#2} const&, at::native::templates::cuda::normal_kernel<at::CUDAGeneratorImpl*>(at::TensorBase const&, double, double, at::CUDAGeneratorImpl*)::{lambda()#1}::operator()() const::{lambda()#3}::operator()() const::{lambda(float)#1})::{lambda(int, float)#1})",32,2173451751962115,2173451751967367,0,0,256,1,1,131072,1,1
"KERNEL_DISPATCH",5,3,1114434,33,24,"void at::native::(anonymous namespace)::distribution_elementwise_grid_stride_kernel<float, 4, at::native::templates::cuda::normal_and_transform<c10::Half, float, at::CUDAGeneratorImpl*, at::native::templates::cuda::normal_kernel<at::CUDAGeneratorImpl*>(at::TensorBase const&, double, double, at::CUDAGeneratorImpl*)::{lambda()#1}::operator()() const::{lambda()#3}::operator()() const::{lambda(float)#1}>(at::TensorIteratorBase&, at::CUDAGeneratorImpl*, at::native::templates::cuda::normal_kernel<at::CUDAGeneratorImpl*>(at::TensorBase const&, double, double, at::CUDAGeneratorImpl*)::{lambda()#1}::operator()() const::{lambda()#3}::operator()() const::{lambda(float)#1})::{lambda(hiprandStatePhilox4_32_10*)#2}, at::native::(anonymous namespace)::distribution_nullary_kernel<c10::Half, float, HIP_vector_type<float, 4u>, at::CUDAGeneratorImpl*, at::native::templates::cuda::normal_and_transform<c10::Half, float, at::CUDAGeneratorImpl*, at::native::templates::cuda::normal_kernel<at::CUDAGeneratorImpl*>(at::TensorBase const&, double, double, at::CUDAGeneratorImpl*)::{lambda()#1}::operator()() const::{lambda()#3}::operator()() const::{lambda(float)#1}>(at::TensorIteratorBase&, at::CUDAGeneratorImpl*, at::native::templates::cuda::normal_kernel<at::CUDAGeneratorImpl*>(at::TensorBase const&, double, double, at::CUDAGeneratorImpl*)::{lambda()#1}::operator()() const::{lambda()#3}::operator()() const::{lambda(float)#1})::{lambda(hiprandStatePhilox4_32_10*)#2}, at::native::templates::cuda::normal_kernel<at::CUDAGeneratorImpl*>(at::TensorBase const&, double, double, at::CUDAGeneratorImpl*)::{lambda()#1}::operator()() const::{lambda()#3}::operator()() const::{lambda(float)#1}>(at::TensorIteratorBase&, at::CUDAGeneratorImpl*, at::native::templates::cuda::normal_and_transform<c10::Half, float, at::CUDAGeneratorImpl*, at::native::templates::cuda::normal_kernel<at::CUDAGeneratorImpl*>(at::TensorBase const&, double, double, at::CUDAGeneratorImpl*)::{lambda()#1}::operator()() const::{lambda()#3}::operator()() const::{lambda(float)#1}>(at::TensorIteratorBase&, at::CUDAGeneratorImpl*, at::native::templates::cuda::normal_kernel<at::CUDAGeneratorImpl*>(at::TensorBase const&, double, double, at::CUDAGeneratorImpl*)::{lambda()#1}::operator()() const::{lambda()#3}::operator()() const::{lambda(float)#1})::{lambda(hiprandStatePhilox4_32_10*)#2} const&, at::native::templates::cuda::normal_kernel<at::CUDAGeneratorImpl*>(at::TensorBase const&, double, double, at::CUDAGeneratorImpl*)::{lambda()#1}::operator()() const::{lambda()#3}::operator()() const::{lambda(float)#1})::{lambda(int, float)#1}>(long, at::PhiloxCudaState, at::native::templates::cuda::normal_and_transform<c10::Half, float, at::CUDAGeneratorImpl*, at::native::templates::cuda::normal_kernel<at::CUDAGeneratorImpl*>(at::TensorBase const&, double, double, at::CUDAGeneratorImpl*)::{lambda()#1}::operator()() const::{lambda()#3}::operator()() const::{lambda(float)#1}>(at::TensorIteratorBase&, at::CUDAGeneratorImpl*, at::native::templates::cuda::normal_kernel<at::CUDAGeneratorImpl*>(at::TensorBase const&, double, double, at::CUDAGeneratorImpl*)::{lambda()#1}::operator()() const::{lambda()#3}::operator()() const::{lambda(float)#1})::{lambda(hiprandStatePhilox4_32_10*)#2}, at::native::(anonymous namespace)::distribution_nullary_kernel<c10::Half, float, HIP_vector_type<float, 4u>, at::CUDAGeneratorImpl*, at::native::templates::cuda::normal_and_transform<c10::Half, float, at::CUDAGeneratorImpl*, at::native::templates::cuda::normal_kernel<at::CUDAGeneratorImpl*>(at::TensorBase const&, double, double, at::CUDAGeneratorImpl*)::{lambda()#1}::operator()() const::{lambda()#3}::operator()() const::{lambda(float)#1}>(at::TensorIteratorBase&, at::CUDAGeneratorImpl*, at::native::templates::cuda::normal_kernel<at::CUDAGeneratorImpl*>(at::TensorBase const&, double, double, at::CUDAGeneratorImpl*)::{lambda()#1}::operator()() const::{lambda()#3}::operator()() const::{lambda(float)#1})::{lambda(hiprandStatePhilox4_32_10*)#2}, at::native::templates::cuda::normal_kernel<at::CUDAGeneratorImpl*>(at::TensorBase const&, double, double, at::CUDAGeneratorImpl*)::{lambda()#1}::operator()() const::{lambda()#3}::operator()() const::{lambda(float)#1}>(at::TensorIteratorBase&, at::CUDAGeneratorImpl*, at::native::templates::cuda::normal_and_transform<c10::Half, float, at::CUDAGeneratorImpl*, at::native::templates::cuda::normal_kernel<at::CUDAGeneratorImpl*>(at::TensorBase const&, double, double, at::CUDAGeneratorImpl*)::{lambda()#1}::operator()() const::{lambda()#3}::operator()() const::{lambda(float)#1}>(at::TensorIteratorBase&, at::CUDAGeneratorImpl*, at::native::templates::cuda::normal_kernel<at::CUDAGeneratorImpl*>(at::TensorBase const&, double, double, at::CUDAGeneratorImpl*)::{lambda()#1}::operator()() const::{lambda()#3}::operator()() const::{lambda(float)#1})::{lambda(hiprandStatePhilox4_32_10*)#2} const&, at::native::templates::cuda::normal_kernel<at::CUDAGeneratorImpl*>(at::TensorBase const&, double, double, at::CUDAGeneratorImpl*)::{lambda()#1}::operator()() const::{lambda()#3}::operator()() const::{lambda(float)#1})::{lambda(int, float)#1})",33,2173451751967367,2173451751972459,0,0,256,1,1,131072,1,1
"KERNEL_DISPATCH",5,3,1114434,34,24,"void at::native::(anonymous namespace)::distribution_elementwise_grid_stride_kernel<float, 4, at::native::templates::cuda::normal_and_transform<c10::Half, float, at::CUDAGeneratorImpl*, at::native::templates::cuda::normal_kernel<at::CUDAGeneratorImpl*>(at::TensorBase const&, double, double, at::CUDAGeneratorImpl*)::{lambda()#1}::operator()() const::{lambda()#3}::operator()() const::{lambda(float)#1}>(at::TensorIteratorBase&, at::CUDAGeneratorImpl*, at::native::templates::cuda::normal_kernel<at::CUDAGeneratorImpl*>(at::TensorBase const&, double, double, at::CUDAGeneratorImpl*)::{lambda()#1}::operator()() const::{lambda()#3}::operator()() const::{lambda(float)#1})::{lambda(hiprandStatePhilox4_32_10*)#2}, at::native::(anonymous namespace)::distribution_nullary_kernel<c10::Half, float, HIP_vector_type<float, 4u>, at::CUDAGeneratorImpl*, at::native::templates::cuda::normal_and_transform<c10::Half, float, at::CUDAGeneratorImpl*, at::native::templates::cuda::normal_kernel<at::CUDAGeneratorImpl*>(at::TensorBase const&, double, double, at::CUDAGeneratorImpl*)::{lambda()#1}::operator()() const::{lambda()#3}::operator()() const::{lambda(float)#1}>(at::TensorIteratorBase&, at::CUDAGeneratorImpl*, at::native::templates::cuda::normal_kernel<at::CUDAGeneratorImpl*>(at::TensorBase const&, double, double, at::CUDAGeneratorImpl*)::{lambda()#1}::operator()() const::{lambda()#3}::operator()() const::{lambda(float)#1})::{lambda(hiprandStatePhilox4_32_10*)#2}, at::native::templates::cuda::normal_kernel<at::CUDAGeneratorImpl*>(at::TensorBase const&, double, double, at::CUDAGeneratorImpl*)::{lambda()#1}::operator()() const::{lambda()#3}::operator()() const::{lambda(float)#1}>(at::TensorIteratorBase&, at::CUDAGeneratorImpl*, at::native::templates::cuda::normal_and_transform<c10::Half, float, at::CUDAGeneratorImpl*, at::native::templates::cuda::normal_kernel<at::CUDAGeneratorImpl*>(at::TensorBase const&, double, double, at::CUDAGeneratorImpl*)::{lambda()#1}::operator()() const::{lambda()#3}::operator()() const::{lambda(float)#1}>(at::TensorIteratorBase&, at::CUDAGeneratorImpl*, at::native::templates::cuda::normal_kernel<at::CUDAGeneratorImpl*>(at::TensorBase const&, double, double, at::CUDAGeneratorImpl*)::{lambda()#1}::operator()() const::{lambda()#3}::operator()() const::{lambda(float)#1})::{lambda(hiprandStatePhilox4_32_10*)#2} const&, at::native::templates::cuda::normal_kernel<at::CUDAGeneratorImpl*>(at::TensorBase const&, double, double, at::CUDAGeneratorImpl*)::{lambda()#1}::operator()() const::{lambda()#3}::operator()() const::{lambda(float)#1})::{lambda(int, float)#1}>(long, at::PhiloxCudaState, at::native::templates::cuda::normal_and_transform<c10::Half, float, at::CUDAGeneratorImpl*, at::native::templates::cuda::normal_kernel<at::CUDAGeneratorImpl*>(at::TensorBase const&, double, double, at::CUDAGeneratorImpl*)::{lambda()#1}::operator()() const::{lambda()#3}::operator()() const::{lambda(float)#1}>(at::TensorIteratorBase&, at::CUDAGeneratorImpl*, at::native::templates::cuda::normal_kernel<at::CUDAGeneratorImpl*>(at::TensorBase const&, double, double, at::CUDAGeneratorImpl*)::{lambda()#1}::operator()() const::{lambda()#3}::operator()() const::{lambda(float)#1})::{lambda(hiprandStatePhilox4_32_10*)#2}, at::native::(anonymous namespace)::distribution_nullary_kernel<c10::Half, float, HIP_vector_type<float, 4u>, at::CUDAGeneratorImpl*, at::native::templates::cuda::normal_and_transform<c10::Half, float, at::CUDAGeneratorImpl*, at::native::templates::cuda::normal_kernel<at::CUDAGeneratorImpl*>(at::TensorBase const&, double, double, at::CUDAGeneratorImpl*)::{lambda()#1}::operator()() const::{lambda()#3}::operator()() const::{lambda(float)#1}>(at::TensorIteratorBase&, at::CUDAGeneratorImpl*, at::native::templates::cuda::normal_kernel<at::CUDAGeneratorImpl*>(at::TensorBase const&, double, double, at::CUDAGeneratorImpl*)::{lambda()#1}::operator()() const::{lambda()#3}::operator()() const::{lambda(float)#1})::{lambda(hiprandStatePhilox4_32_10*)#2}, at::native::templates::cuda::normal_kernel<at::CUDAGeneratorImpl*>(at::TensorBase const&, double, double, at::CUDAGeneratorImpl*)::{lambda()#1}::operator()() const::{lambda()#3}::operator()() const::{lambda(float)#1}>(at::TensorIteratorBase&, at::CUDAGeneratorImpl*, at::native::templates::cuda::normal_and_transform<c10::Half, float, at::CUDAGeneratorImpl*, at::native::templates::cuda::normal_kernel<at::CUDAGeneratorImpl*>(at::TensorBase const&, double, double, at::CUDAGeneratorImpl*)::{lambda()#1}::operator()() const::{lambda()#3}::operator()() const::{lambda(float)#1}>(at::TensorIteratorBase&, at::CUDAGeneratorImpl*, at::native::templates::cuda::normal_kernel<at::CUDAGeneratorImpl*>(at::TensorBase const&, double, double, at::CUDAGeneratorImpl*)::{lambda()#1}::operator()() const::{lambda()#3}::operator()() const::{lambda(float)#1})::{lambda(hiprandStatePhilox4_32_10*)#2} const&, at::native::templates::cuda::normal_kernel<at::CUDAGeneratorImpl*>(at::TensorBase const&, double, double, at::CUDAGeneratorImpl*)::{lambda()#1}::operator()() const::{lambda()#3}::operator()() const::{lambda(float)#1})::{lambda(int, float)#1})",34,2173451751972459,2173451751977510,0,0,256,1,1,131072,1,1
"KERNEL_DISPATCH",5,3,1114434,35,24,"void at::native::(anonymous namespace)::distribution_elementwise_grid_stride_kernel<float, 4, at::native::templates::cuda::normal_and_transform<c10::Half, float, at::CUDAGeneratorImpl*, at::native::templates::cuda::normal_kernel<at::CUDAGeneratorImpl*>(at::TensorBase const&, double, double, at::CUDAGeneratorImpl*)::{lambda()#1}::operator()() const::{lambda()#3}::operator()() const::{lambda(float)#1}>(at::TensorIteratorBase&, at::CUDAGeneratorImpl*, at::native::templates::cuda::normal_kernel<at::CUDAGeneratorImpl*>(at::TensorBase const&, double, double, at::CUDAGeneratorImpl*)::{lambda()#1}::operator()() const::{lambda()#3}::operator()() const::{lambda(float)#1})::{lambda(hiprandStatePhilox4_32_10*)#2}, at::native::(anonymous namespace)::distribution_nullary_kernel<c10::Half, float, HIP_vector_type<float, 4u>, at::CUDAGeneratorImpl*, at::native::templates::cuda::normal_and_transform<c10::Half, float, at::CUDAGeneratorImpl*, at::native::templates::cuda::normal_kernel<at::CUDAGeneratorImpl*>(at::TensorBase const&, double, double, at::CUDAGeneratorImpl*)::{lambda()#1}::operator()() const::{lambda()#3}::operator()() const::{lambda(float)#1}>(at::TensorIteratorBase&, at::CUDAGeneratorImpl*, at::native::templates::cuda::normal_kernel<at::CUDAGeneratorImpl*>(at::TensorBase const&, double, double, at::CUDAGeneratorImpl*)::{lambda()#1}::operator()() const::{lambda()#3}::operator()() const::{lambda(float)#1})::{lambda(hiprandStatePhilox4_32_10*)#2}, at::native::templates::cuda::normal_kernel<at::CUDAGeneratorImpl*>(at::TensorBase const&, double, double, at::CUDAGeneratorImpl*)::{lambda()#1}::operator()() const::{lambda()#3}::operator()() const::{lambda(float)#1}>(at::TensorIteratorBase&, at::CUDAGeneratorImpl*, at::native::templates::cuda::normal_and_transform<c10::Half, float, at::CUDAGeneratorImpl*, at::native::templates::cuda::normal_kernel<at::CUDAGeneratorImpl*>(at::TensorBase const&, double, double, at::CUDAGeneratorImpl*)::{lambda()#1}::operator()() const::{lambda()#3}::operator()() const::{lambda(float)#1}>(at::TensorIteratorBase&, at::CUDAGeneratorImpl*, at::native::templates::cuda::normal_kernel<at::CUDAGeneratorImpl*>(at::TensorBase const&, double, double, at::CUDAGeneratorImpl*)::{lambda()#1}::operator()() const::{lambda()#3}::operator()() const::{lambda(float)#1})::{lambda(hiprandStatePhilox4_32_10*)#2} const&, at::native::templates::cuda::normal_kernel<at::CUDAGeneratorImpl*>(at::TensorBase const&, double, double, at::CUDAGeneratorImpl*)::{lambda()#1}::operator()() const::{lambda()#3}::operator()() const::{lambda(float)#1})::{lambda(int, float)#1}>(long, at::PhiloxCudaState, at::native::templates::cuda::normal_and_transform<c10::Half, float, at::CUDAGeneratorImpl*, at::native::templates::cuda::normal_kernel<at::CUDAGeneratorImpl*>(at::TensorBase const&, double, double, at::CUDAGeneratorImpl*)::{lambda()#1}::operator()() const::{lambda()#3}::operator()() const::{lambda(float)#1}>(at::TensorIteratorBase&, at::CUDAGeneratorImpl*, at::native::templates::cuda::normal_kernel<at::CUDAGeneratorImpl*>(at::TensorBase const&, double, double, at::CUDAGeneratorImpl*)::{lambda()#1}::operator()() const::{lambda()#3}::operator()() const::{lambda(float)#1})::{lambda(hiprandStatePhilox4_32_10*)#2}, at::native::(anonymous namespace)::distribution_nullary_kernel<c10::Half, float, HIP_vector_type<float, 4u>, at::CUDAGeneratorImpl*, at::native::templates::cuda::normal_and_transform<c10::Half, float, at::CUDAGeneratorImpl*, at::native::templates::cuda::normal_kernel<at::CUDAGeneratorImpl*>(at::TensorBase const&, double, double, at::CUDAGeneratorImpl*)::{lambda()#1}::operator()() const::{lambda()#3}::operator()() const::{lambda(float)#1}>(at::TensorIteratorBase&, at::CUDAGeneratorImpl*, at::native::templates::cuda::normal_kernel<at::CUDAGeneratorImpl*>(at::TensorBase const&, double, double, at::CUDAGeneratorImpl*)::{lambda()#1}::operator()() const::{lambda()#3}::operator()() const::{lambda(float)#1})::{lambda(hiprandStatePhilox4_32_10*)#2}, at::native::templates::cuda::normal_kernel<at::CUDAGeneratorImpl*>(at::TensorBase const&, double, double, at::CUDAGeneratorImpl*)::{lambda()#1}::operator()() const::{lambda()#3}::operator()() const::{lambda(float)#1}>(at::TensorIteratorBase&, at::CUDAGeneratorImpl*, at::native::templates::cuda::normal_and_transform<c10::Half, float, at::CUDAGeneratorImpl*, at::native::templates::cuda::normal_kernel<at::CUDAGeneratorImpl*>(at::TensorBase const&, double, double, at::CUDAGeneratorImpl*)::{lambda()#1}::operator()() const::{lambda()#3}::operator()() const::{lambda(float)#1}>(at::TensorIteratorBase&, at::CUDAGeneratorImpl*, at::native::templates::cuda::normal_kernel<at::CUDAGeneratorImpl*>(at::TensorBase const&, double, double, at::CUDAGeneratorImpl*)::{lambda()#1}::operator()() const::{lambda()#3}::operator()() const::{lambda(float)#1})::{lambda(hiprandStatePhilox4_32_10*)#2} const&, at::native::templates::cuda::normal_kernel<at::CUDAGeneratorImpl*>(at::TensorBase const&, double, double, at::CUDAGeneratorImpl*)::{lambda()#1}::operator()() const::{lambda()#3}::operator()() const::{lambda(float)#1})::{lambda(int, float)#1})",35,2173451751977510,2173451752019005,0,0,256,1,1,622592,1,1
"KERNEL_DISPATCH",5,3,1114434,36,24,"void at::native::(anonymous namespace)::distribution_elementwise_grid_stride_kernel<float, 4, at::native::templates::cuda::normal_and_transform<c10::Half, float, at::CUDAGeneratorImpl*, at::native::templates::cuda::normal_kernel<at::CUDAGeneratorImpl*>(at::TensorBase const&, double, double, at::CUDAGeneratorImpl*)::{lambda()#1}::operator()() const::{lambda()#3}::operator()() const::{lambda(float)#1}>(at::TensorIteratorBase&, at::CUDAGeneratorImpl*, at::native::templates::cuda::normal_kernel<at::CUDAGeneratorImpl*>(at::TensorBase const&, double, double, at::CUDAGeneratorImpl*)::{lambda()#1}::operator()() const::{lambda()#3}::operator()() const::{lambda(float)#1})::{lambda(hiprandStatePhilox4_32_10*)#2}, at::native::(anonymous namespace)::distribution_nullary_kernel<c10::Half, float, HIP_vector_type<float, 4u>, at::CUDAGeneratorImpl*, at::native::templates::cuda::normal_and_transform<c10::Half, float, at::CUDAGeneratorImpl*, at::native::templates::cuda::normal_kernel<at::CUDAGeneratorImpl*>(at::TensorBase const&, double, double, at::CUDAGeneratorImpl*)::{lambda()#1}::operator()() const::{lambda()#3}::operator()() const::{lambda(float)#1}>(at::TensorIteratorBase&, at::CUDAGeneratorImpl*, at::native::templates::cuda::normal_kernel<at::CUDAGeneratorImpl*>(at::TensorBase const&, double, double, at::CUDAGeneratorImpl*)::{lambda()#1}::operator()() const::{lambda()#3}::operator()() const::{lambda(float)#1})::{lambda(hiprandStatePhilox4_32_10*)#2}, at::native::templates::cuda::normal_kernel<at::CUDAGeneratorImpl*>(at::TensorBase const&, double, double, at::CUDAGeneratorImpl*)::{lambda()#1}::operator()() const::{lambda()#3}::operator()() const::{lambda(float)#1}>(at::TensorIteratorBase&, at::CUDAGeneratorImpl*, at::native::templates::cuda::normal_and_transform<c10::Half, float, at::CUDAGeneratorImpl*, at::native::templates::cuda::normal_kernel<at::CUDAGeneratorImpl*>(at::TensorBase const&, double, double, at::CUDAGeneratorImpl*)::{lambda()#1}::operator()() const::{lambda()#3}::operator()() const::{lambda(float)#1}>(at::TensorIteratorBase&, at::CUDAGeneratorImpl*, at::native::templates::cuda::normal_kernel<at::CUDAGeneratorImpl*>(at::TensorBase const&, double, double, at::CUDAGeneratorImpl*)::{lambda()#1}::operator()() const::{lambda()#3}::operator()() const::{lambda(float)#1})::{lambda(hiprandStatePhilox4_32_10*)#2} const&, at::native::templates::cuda::normal_kernel<at::CUDAGeneratorImpl*>(at::TensorBase const&, double, double, at::CUDAGeneratorImpl*)::{lambda()#1}::operator()() const::{lambda()#3}::operator()() const::{lambda(float)#1})::{lambda(int, float)#1}>(long, at::PhiloxCudaState, at::native::templates::cuda::normal_and_transform<c10::Half, float, at::CUDAGeneratorImpl*, at::native::templates::cuda::normal_kernel<at::CUDAGeneratorImpl*>(at::TensorBase const&, double, double, at::CUDAGeneratorImpl*)::{lambda()#1}::operator()() const::{lambda()#3}::operator()() const::{lambda(float)#1}>(at::TensorIteratorBase&, at::CUDAGeneratorImpl*, at::native::templates::cuda::normal_kernel<at::CUDAGeneratorImpl*>(at::TensorBase const&, double, double, at::CUDAGeneratorImpl*)::{lambda()#1}::operator()() const::{lambda()#3}::operator()() const::{lambda(float)#1})::{lambda(hiprandStatePhilox4_32_10*)#2}, at::native::(anonymous namespace)::distribution_nullary_kernel<c10::Half, float, HIP_vector_type<float, 4u>, at::CUDAGeneratorImpl*, at::native::templates::cuda::normal_and_transform<c10::Half, float, at::CUDAGeneratorImpl*, at::native::templates::cuda::normal_kernel<at::CUDAGeneratorImpl*>(at::TensorBase const&, double, double, at::CUDAGeneratorImpl*)::{lambda()#1}::operator()() const::{lambda()#3}::operator()() const::{lambda(float)#1}>(at::TensorIteratorBase&, at::CUDAGeneratorImpl*, at::native::templates::cuda::normal_kernel<at::CUDAGeneratorImpl*>(at::TensorBase const&, double, double, at::CUDAGeneratorImpl*)::{lambda()#1}::operator()() const::{lambda()#3}::operator()() const::{lambda(float)#1})::{lambda(hiprandStatePhilox4_32_10*)#2}, at::native::templates::cuda::normal_kernel<at::CUDAGeneratorImpl*>(at::TensorBase const&, double, double, at::CUDAGeneratorImpl*)::{lambda()#1}::operator()() const::{lambda()#3}::operator()() const::{lambda(float)#1}>(at::TensorIteratorBase&, at::CUDAGeneratorImpl*, at::native::templates::cuda::normal_and_transform<c10::Half, float, at::CUDAGeneratorImpl*, at::native::templates::cuda::normal_kernel<at::CUDAGeneratorImpl*>(at::TensorBase const&, double, double, at::CUDAGeneratorImpl*)::{lambda()#1}::operator()() const::{lambda()#3}::operator()() const::{lambda(float)#1}>(at::TensorIteratorBase&, at::CUDAGeneratorImpl*, at::native::templates::cuda::normal_kernel<at::CUDAGeneratorImpl*>(at::TensorBase const&, double, double, at::CUDAGeneratorImpl*)::{lambda()#1}::operator()() const::{lambda()#3}::operator()() const::{lambda(float)#1})::{lambda(hiprandStatePhilox4_32_10*)#2} const&, at::native::templates::cuda::normal_kernel<at::CUDAGeneratorImpl*>(at::TensorBase const&, double, double, at::CUDAGeneratorImpl*)::{lambda()#1}::operator()() const::{lambda()#3}::operator()() const::{lambda(float)#1})::{lambda(int, float)#1})",36,2173451752019005,2173451752060059,0,0,256,1,1,622592,1,1
"KERNEL_DISPATCH",5,3,1114434,37,34,"void (anonymous namespace)::elementwise_kernel_with_index<int, at::native::arange_cuda_out(c10::Scalar const&, c10::Scalar const&, c10::Scalar const&, at::Tensor&)::{lambda()#1}::operator()() const::{lambda()#3}::operator()() const::{lambda(long)#1}>(int, at::native::arange_cuda_out(c10::Scalar const&, c10::Scalar const&, c10::Scalar const&, at::Tensor&)::{lambda()#1}::operator()() const::{lambda()#3}::operator()() const::{lambda(long)#1}, function_traits<at::native::arange_cuda_out(c10::Scalar const&, c10::Scalar const&, c10::Scalar const&, at::Tensor&)::{lambda()#1}::operator()() const::{lambda()#3}::operator()() const::{lambda(long)#1}>::result_type*)",37,2173451756832850,2173451756835055,0,0,128,1,1,128,1,1
"KERNEL_DISPATCH",5,3,1114434,38,34,"void (anonymous namespace)::elementwise_kernel_with_index<int, at::native::arange_cuda_out(c10::Scalar const&, c10::Scalar const&, c10::Scalar const&, at::Tensor&)::{lambda()#1}::operator()() const::{lambda()#3}::operator()() const::{lambda(long)#1}>(int, at::native::arange_cuda_out(c10::Scalar const&, c10::Scalar const&, c10::Scalar const&, at::Tensor&)::{lambda()#1}::operator()() const::{lambda()#3}::operator()() const::{lambda(long)#1}, function_traits<at::native::arange_cuda_out(c10::Scalar const&, c10::Scalar const&, c10::Scalar const&, at::Tensor&)::{lambda()#1}::operator()() const::{lambda()#3}::operator()() const::{lambda(long)#1}>::result_type*)",38,2173451756891063,2173451756892948,0,0,128,1,1,256,1,1
"KERNEL_DISPATCH",5,3,1114434,39,192,"void at::native::vectorized_elementwise_kernel<4, at::native::FillFunctor<int>, std::array<char*, 1ul> >(int, at::native::FillFunctor<int>, std::array<char*, 1ul>)",39,2173451765462817,2173451765465704,0,0,256,1,1,256,1,1
"KERNEL_DISPATCH",5,3,1114434,40,192,"void at::native::vectorized_elementwise_kernel<4, at::native::FillFunctor<int>, std::array<char*, 1ul> >(int, at::native::FillFunctor<int>, std::array<char*, 1ul>)",40,2173451765523877,2173451765525521,0,0,256,1,1,256,1,1
"KERNEL_DISPATCH",5,3,1114434,41,34,"void (anonymous namespace)::elementwise_kernel_with_index<int, at::native::arange_cuda_out(c10::Scalar const&, c10::Scalar const&, c10::Scalar const&, at::Tensor&)::{lambda()#1}::operator()() const::{lambda()#3}::operator()() const::{lambda(long)#1}>(int, at::native::arange_cuda_out(c10::Scalar const&, c10::Scalar const&, c10::Scalar const&, at::Tensor&)::{lambda()#1}::operator()() const::{lambda()#3}::operator()() const::{lambda(long)#1}, function_traits<at::native::arange_cuda_out(c10::Scalar const&, c10::Scalar const&, c10::Scalar const&, at::Tensor&)::{lambda()#1}::operator()() const::{lambda()#3}::operator()() const::{lambda(long)#1}>::result_type*)",41,2173451765553224,2173451765555269,0,0,128,1,1,128,1,1
"KERNEL_DISPATCH",5,3,1114434,42,34,"void (anonymous namespace)::elementwise_kernel_with_index<int, at::native::arange_cuda_out(c10::Scalar const&, c10::Scalar const&, c10::Scalar const&, at::Tensor&)::{lambda()#1}::operator()() const::{lambda()#3}::operator()() const::{lambda(long)#1}>(int, at::native::arange_cuda_out(c10::Scalar const&, c10::Scalar const&, c10::Scalar const&, at::Tensor&)::{lambda()#1}::operator()() const::{lambda()#3}::operator()() const::{lambda(long)#1}, function_traits<at::native::arange_cuda_out(c10::Scalar const&, c10::Scalar const&, c10::Scalar const&, at::Tensor&)::{lambda()#1}::operator()() const::{lambda()#3}::operator()() const::{lambda(long)#1}>::result_type*)",42,2173451765702766,2173451765704891,0,0,128,1,1,256,1,1
"KERNEL_DISPATCH",5,1,1114434,43,273,"kernel_unified_attention_2d",43,2173453646669518,2173453646901970,0,20480,256,1,1,131328,1,1
"KERNEL_DISPATCH",5,2,1114434,44,274,"kernel_unified_attention_2d",44,2173455119389451,2173455120240118,0,20480,256,1,1,49152,1,1
"KERNEL_DISPATCH",5,1,1114434,45,273,"kernel_unified_attention_2d",45,2173455120477500,2173455120711435,0,20480,256,1,1,131328,1,1
"KERNEL_DISPATCH",5,2,1114434,46,274,"kernel_unified_attention_2d",46,2173455120594728,2173455121444874,0,20480,256,1,1,49152,1,1
"KERNEL_DISPATCH",5,1,1114434,47,273,"kernel_unified_attention_2d",47,2173455121556569,2173455121794834,0,20480,256,1,1,131328,1,1
"KERNEL_DISPATCH",5,2,1114434,48,274,"kernel_unified_attention_2d",48,2173455121656558,2173455122510672,0,20480,256,1,1,49152,1,1
"KERNEL_DISPATCH",5,1,1114434,49,273,"kernel_unified_attention_2d",49,2173455122608737,2173455122840788,0,20480,256,1,1,131328,1,1
"KERNEL_DISPATCH",5,2,1114434,50,274,"kernel_unified_attention_2d",50,2173455122694453,2173455123577153,0,20480,256,1,1,49152,1,1
"KERNEL_DISPATCH",5,1,1114434,51,273,"kernel_unified_attention_2d",51,2173455123675297,2173455123930842,0,20480,256,1,1,131328,1,1
"KERNEL_DISPATCH",5,2,1114434,52,274,"kernel_unified_attention_2d",52,2173455123760452,2173455124638381,0,20480,256,1,1,49152,1,1
